"","selected_First_branch","selected_Second_branch","selected_br","cat"
"1",9,0,9,1
"2",14,0,14,1
"3",13,0,13,1
"4",5,0,5,1
"5",7,0,7,1
"6",14,0,14,1
"7",9,0,9,1
"8",14,0,14,1
"9",9,0,9,1
"10",9,0,9,1
"11",9,0,9,1
"12",9,0,9,1
"13",13,0,13,1
"14",3,0,3,1
"15",9,0,9,1
"16",6,0,6,1
"17",14,0,14,1
"18",16,0,16,1
"19",9,0,9,1
"20",9,0,9,1
"21",9,0,9,1
"22",7,0,7,1
"23",9,0,9,1
"24",13,0,13,1
"25",7,0,7,1
"26",14,0,14,1
"27",9,0,9,1
"28",7,0,7,1
"29",14,0,14,1
"30",6,0,6,1
"31",9,0,9,1
"32",9,0,9,1
"33",6,0,6,1
"34",13,0,13,1
"35",8,0,10,0
"36",7,0,7,1
"37",6,0,6,1
"38",6,0,6,1
"39",13,0,13,1
"40",9,0,9,1
"41",10,0,10,1
"42",9,0,9,1
"43",14,0,14,1
"44",13,0,13,1
"45",9,0,9,1
"46",13,0,13,1
"47",9,0,9,1
"48",6,0,6,1
"49",6,0,6,1
"50",9,0,9,1
"51",6,0,9,0
"52",6,0,6,1
"53",6,0,6,1
"54",9,0,9,1
"55",9,0,9,1
"56",6,0,6,1
"57",13,0,13,1
"58",9,0,9,1
"59",9,0,9,1
"60",6,0,6,1
"61",10,0,10,1
"62",9,0,9,1
"63",11,0,11,1
"64",9,0,9,1
"65",14,0,14,1
"66",6,0,6,1
"67",9,0,9,1
"68",13,0,13,1
"69",4,0,4,1
"70",19,0,19,1
"71",11,0,11,1
"72",14,0,14,1
"73",13,0,13,1
"74",9,0,9,1
"75",9,0,9,1
"76",13,0,13,1
"77",9,0,9,1
"78",6,0,6,1
"79",9,0,9,1
"80",6,0,6,1
"81",13,0,13,1
"82",2,0,2,1
"83",2,0,2,1
"84",16,0,16,1
"85",2,0,2,1
"86",2,0,2,1
"87",3,0,3,1
"88",16,0,16,1
"89",16,0,16,1
"90",3,0,3,1
"91",14,0,14,1
"92",14,0,14,1
"93",3,0,3,1
"94",16,0,16,1
"95",16,0,16,1
"96",14,0,14,1
"97",2,0,2,1
"98",13,0,13,1
"99",3,0,3,1
"100",3,0,3,1
"101",15,0,11,0
"102",14,0,14,1
"103",14,0,14,1
"104",16,0,16,1
"105",3,0,3,1
"106",14,0,14,1
"107",8,0,8,1
"108",13,0,13,1
"109",11,0,11,1
"110",16,0,16,1
"111",2,0,2,1
"112",10,0,10,1
"113",10,0,10,1
"114",11,0,11,1
"115",10,0,10,1
"116",13,0,13,1
"117",11,0,11,1
"118",2,0,2,1
"119",3,0,3,1
"120",13,0,13,1
"121",2,0,2,1
"122",11,0,11,1
"123",2,0,2,1
"124",11,0,11,1
"125",2,0,2,1
"126",8,0,8,1
"127",17,0,17,1
"128",8,0,8,1
"129",3,0,3,1
"130",13,0,13,1
"131",11,0,11,1
"132",2,0,2,1
"133",10,0,10,1
"134",13,0,13,1
"135",14,0,14,1
"136",4,0,4,1
"137",8,0,8,1
"138",16,0,16,1
"139",2,0,2,1
"140",16,0,16,1
"141",13,0,13,1
"142",10,0,10,1
"143",14,0,14,1
"144",3,0,3,1
"145",16,0,16,1
"146",2,0,2,1
"147",14,0,16,0
"148",2,0,2,1
"149",11,0,11,1
"150",2,0,2,1
"151",10,0,10,1
"152",16,0,16,1
"153",13,0,13,1
"154",2,0,2,1
"155",2,0,2,1
"156",7,0,3,0
"157",2,0,2,1
"158",2,0,2,1
"159",9,0,8,0
"160",16,0,16,1
"161",2,0,2,1
"162",2,0,2,1
"163",18,0,18,1
"164",15,0,15,1
"165",14,0,14,1
"166",7,0,15,0
"167",12,0,12,1
"168",19,0,19,1
"169",19,0,19,1
"170",15,0,18,0
"171",7,0,15,0
"172",15,0,15,1
"173",15,0,15,1
"174",16,0,16,1
"175",2,0,2,1
"176",7,0,7,1
"177",13,0,13,1
"178",19,0,19,1
"179",14,0,15,0
"180",14,0,14,1
"181",18,0,18,1
"182",2,0,2,1
"183",17,0,17,1
"184",15,0,15,1
"185",13,0,14,0
"186",19,0,19,1
"187",19,0,15,0
"188",3,0,3,1
"189",17,0,17,1
"190",15,0,15,1
"191",18,0,18,1
"192",19,0,19,1
"193",15,0,15,1
"194",7,0,15,0
"195",2,0,2,1
"196",12,0,12,1
"197",18,0,18,1
"198",2,0,2,1
"199",15,0,15,1
"200",2,0,2,1
"201",12,0,12,1
"202",17,0,17,1
"203",15,0,15,1
"204",12,0,12,1
"205",15,0,18,0
"206",2,0,2,1
"207",3,0,3,1
"208",18,0,18,1
"209",15,0,15,1
"210",15,0,15,1
"211",9,0,9,1
"212",15,0,15,1
"213",19,0,19,1
"214",16,0,16,1
"215",2,0,2,1
"216",7,0,7,1
"217",14,0,14,1
"218",14,0,14,1
"219",18,0,18,1
"220",15,0,15,1
"221",18,0,15,0
"222",14,0,15,0
"223",18,0,18,1
"224",15,0,15,1
"225",2,0,2,1
"226",2,0,2,1
"227",7,0,7,1
"228",2,0,2,1
"229",2,0,2,1
"230",18,0,18,1
"231",18,0,15,0
"232",16,0,16,1
"233",12,0,15,0
"234",18,0,18,1
"235",2,0,2,1
"236",2,0,2,1
"237",2,0,2,1
"238",18,0,18,1
"239",15,0,15,1
"240",19,0,19,1
"241",17,0,17,1
"242",6,0,6,1
"243",15,0,5,0
"244",10,0,5,0
"245",6,0,6,1
"246",5,0,5,1
"247",9,0,9,1
"248",8,0,5,0
"249",15,0,5,0
"250",5,0,5,1
"251",5,0,5,1
"252",6,0,6,1
"253",5,0,5,1
"254",2,0,2,1
"255",5,0,5,1
"256",5,0,8,0
"257",2,0,2,1
"258",15,0,15,1
"259",10,0,5,0
"260",5,0,5,1
"261",17,0,17,1
"262",18,0,18,1
"263",8,0,8,1
"264",5,0,5,1
"265",15,0,15,1
"266",15,0,15,1
"267",15,0,15,1
"268",2,0,2,1
"269",5,0,5,1
"270",15,0,15,1
"271",6,0,6,1
"272",10,0,10,1
"273",5,0,5,1
"274",6,0,6,1
"275",9,0,9,1
"276",12,0,12,1
"277",2,0,2,1
"278",2,0,2,1
"279",9,0,9,1
"280",5,0,5,1
"281",5,0,5,1
"282",15,0,15,1
"283",5,0,5,1
"284",5,0,5,1
"285",10,0,10,1
"286",12,0,12,1
"287",15,0,15,1
"288",5,0,5,1
"289",12,0,12,1
"290",2,0,2,1
"291",15,0,15,1
"292",17,0,17,1
"293",6,0,6,1
"294",15,0,15,1
"295",5,0,5,1
"296",15,0,15,1
"297",5,0,5,1
"298",10,0,10,1
"299",8,0,8,1
"300",6,0,6,1
"301",5,0,5,1
"302",17,0,5,0
"303",12,0,12,1
"304",8,0,8,1
"305",8,0,8,1
"306",15,0,15,1
"307",5,0,5,1
"308",12,0,12,1
"309",15,0,15,1
"310",5,0,5,1
"311",15,0,15,1
"312",17,0,5,0
"313",2,0,2,1
"314",9,0,9,1
"315",10,0,5,0
"316",2,0,2,1
"317",17,0,17,1
"318",12,0,12,1
"319",8,0,5,0
"320",5,0,5,1
"321",15,0,15,1
"322",19,0,19,1
"323",19,0,19,1
"324",16,0,19,0
"325",19,0,19,1
"326",15,0,15,1
"327",19,0,19,1
"328",16,0,16,1
"329",19,0,19,1
"330",12,0,12,1
"331",9,0,9,1
"332",19,0,19,1
"333",15,0,15,1
"334",12,0,12,1
"335",6,0,6,1
"336",19,0,19,1
"337",15,0,15,1
"338",19,0,19,1
"339",19,0,19,1
"340",19,0,19,1
"341",5,0,5,1
"342",19,0,19,1
"343",5,0,5,1
"344",19,0,19,1
"345",19,0,15,0
"346",5,0,5,1
"347",19,0,19,1
"348",15,0,19,0
"349",18,0,18,1
"350",15,0,15,1
"351",19,0,19,1
"352",19,0,19,1
"353",5,0,5,1
"354",13,0,13,1
"355",12,0,12,1
"356",15,0,15,1
"357",19,0,19,1
"358",5,0,5,1
"359",19,0,19,1
"360",5,0,5,1
"361",19,0,19,1
"362",19,0,19,1
"363",19,0,19,1
"364",19,0,15,0
"365",2,0,2,1
"366",16,0,16,1
"367",12,0,12,1
"368",11,0,11,1
"369",19,0,19,1
"370",19,0,19,1
"371",19,0,19,1
"372",18,0,18,1
"373",19,0,19,1
"374",16,0,19,0
"375",15,0,15,1
"376",5,0,5,1
"377",7,0,7,1
"378",5,0,5,1
"379",16,0,16,1
"380",15,0,15,1
"381",15,0,15,1
"382",6,0,6,1
"383",9,0,9,1
"384",6,0,5,0
"385",19,0,19,1
"386",5,0,5,1
"387",15,0,15,1
"388",19,0,19,1
"389",15,0,15,1
"390",19,0,15,0
"391",15,0,15,1
"392",8,0,8,1
"393",19,0,19,1
"394",19,0,19,1
"395",19,0,19,1
"396",19,0,19,1
"397",15,0,15,1
"398",8,0,8,1
"399",15,0,15,1
"400",19,0,19,1
"401",17,0,17,1
"402",3,0,3,1
"403",17,0,17,1
"404",18,0,18,1
"405",18,0,18,1
"406",17,0,17,1
"407",18,0,18,1
"408",13,0,13,1
"409",19,0,17,0
"410",9,0,9,1
"411",3,0,3,1
"412",17,0,17,1
"413",19,0,19,1
"414",19,0,19,1
"415",3,0,3,1
"416",19,0,19,1
"417",19,0,19,1
"418",15,0,15,1
"419",11,0,11,1
"420",9,0,17,0
"421",2,0,2,1
"422",9,0,9,1
"423",17,0,17,1
"424",17,0,17,1
"425",11,0,11,1
"426",15,0,15,1
"427",3,0,3,1
"428",19,0,19,1
"429",13,0,13,1
"430",4,0,5,0
"431",17,0,17,1
"432",19,0,19,1
"433",19,0,19,1
"434",4,0,4,1
"435",2,0,2,1
"436",5,0,5,1
"437",11,0,11,1
"438",17,0,17,1
"439",6,0,6,1
"440",11,0,11,1
"441",6,0,6,1
"442",9,0,9,1
"443",19,0,19,1
"444",17,0,17,1
"445",19,0,19,1
"446",11,0,11,1
"447",10,0,10,1
"448",10,0,10,1
"449",4,0,3,0
"450",11,0,11,1
"451",6,0,6,1
"452",9,0,9,1
"453",2,0,2,1
"454",2,0,2,1
"455",13,0,13,1
"456",3,0,3,1
"457",7,0,17,0
"458",10,0,10,1
"459",5,0,5,1
"460",15,0,15,1
"461",11,0,11,1
"462",17,0,17,1
"463",11,0,11,1
"464",3,0,3,1
"465",11,0,11,1
"466",17,0,17,1
"467",5,0,5,1
"468",2,0,2,1
"469",15,0,15,1
"470",9,0,9,1
"471",10,0,10,1
"472",19,0,19,1
"473",13,0,13,1
"474",17,0,17,1
"475",17,0,17,1
"476",9,0,9,1
"477",15,0,15,1
"478",19,0,19,1
"479",10,0,10,1
"480",16,0,16,1
"481",13,0,13,1
"482",12,0,12,1
"483",13,0,13,1
"484",15,0,15,1
"485",15,0,15,1
"486",16,0,16,1
"487",13,0,13,1
"488",8,0,8,1
"489",9,0,10,0
"490",19,0,19,1
"491",11,0,11,1
"492",15,0,15,1
"493",13,0,13,1
"494",15,0,15,1
"495",4,0,4,1
"496",15,0,15,1
"497",15,0,15,1
"498",13,0,13,1
"499",2,0,2,1
"500",12,0,12,1
"501",11,0,11,1
"502",2,0,2,1
"503",2,0,2,1
"504",13,0,13,1
"505",8,0,8,1
"506",19,0,19,1
"507",19,0,19,1
"508",2,0,2,1
"509",12,0,12,1
"510",16,0,16,1
"511",16,0,16,1
"512",2,0,2,1
"513",11,0,11,1
"514",15,0,15,1
"515",10,0,10,1
"516",3,0,3,1
"517",2,0,2,1
"518",13,0,13,1
"519",13,0,13,1
"520",12,0,12,1
"521",15,0,19,0
"522",2,0,2,1
"523",13,0,12,0
"524",15,0,15,1
"525",12,0,12,1
"526",15,0,15,1
"527",6,0,6,1
"528",12,0,12,1
"529",11,0,11,1
"530",4,0,4,1
"531",15,0,15,1
"532",15,0,15,1
"533",2,0,2,1
"534",15,0,19,0
"535",16,0,16,1
"536",2,0,2,1
"537",2,0,2,1
"538",12,0,12,1
"539",8,0,8,1
"540",8,0,8,1
"541",13,0,13,1
"542",12,0,12,1
"543",16,0,16,1
"544",14,0,12,0
"545",15,0,19,0
"546",10,0,10,1
"547",12,0,12,1
"548",16,0,16,1
"549",15,0,15,1
"550",12,0,12,1
"551",2,0,2,1
"552",2,0,2,1
"553",2,0,2,1
"554",15,0,19,0
"555",15,0,15,1
"556",13,0,13,1
"557",15,0,19,0
"558",8,0,8,1
"559",18,0,18,1
"560",2,0,2,1
"561",2,0,2,1
"562",2,0,2,1
"563",4,0,4,1
"564",2,0,2,1
"565",4,0,4,1
"566",12,0,12,1
"567",2,0,2,1
"568",4,0,4,1
"569",2,0,2,1
"570",2,0,4,0
"571",12,0,12,1
"572",4,0,4,1
"573",16,0,16,1
"574",2,0,2,1
"575",4,0,4,1
"576",7,0,7,1
"577",15,0,15,1
"578",4,0,4,1
"579",15,0,15,1
"580",11,0,2,0
"581",16,0,16,1
"582",15,0,15,1
"583",2,0,2,1
"584",2,0,2,1
"585",10,0,10,1
"586",10,0,10,1
"587",2,0,2,1
"588",4,0,4,1
"589",4,0,4,1
"590",2,0,2,1
"591",4,0,4,1
"592",2,0,2,1
"593",16,0,16,1
"594",12,0,12,1
"595",18,0,18,1
"596",4,0,4,1
"597",11,0,11,1
"598",12,0,12,1
"599",10,0,10,1
"600",4,0,2,0
"601",10,0,10,1
"602",2,0,2,1
"603",2,0,2,1
"604",12,0,12,1
"605",2,0,2,1
"606",7,0,7,1
"607",10,0,10,1
"608",10,0,10,1
"609",15,0,15,1
"610",2,0,2,1
"611",4,0,4,1
"612",4,0,4,1
"613",15,0,15,1
"614",4,0,4,1
"615",12,0,12,1
"616",2,0,4,0
"617",2,0,2,1
"618",2,0,4,0
"619",10,0,10,1
"620",13,0,2,0
"621",2,0,2,1
"622",10,0,10,1
"623",2,0,2,1
"624",2,0,2,1
"625",15,0,15,1
"626",16,0,16,1
"627",2,0,2,1
"628",4,0,4,1
"629",4,0,4,1
"630",15,0,15,1
"631",4,0,4,1
"632",4,0,4,1
"633",4,0,4,1
"634",2,0,2,1
"635",2,0,2,1
"636",12,0,12,1
"637",12,0,12,1
"638",4,0,4,1
"639",16,0,16,1
"640",12,0,12,1
"641",10,0,10,1
"642",5,0,5,1
"643",5,0,5,1
"644",7,0,7,1
"645",2,0,2,1
"646",18,0,18,1
"647",2,0,2,1
"648",7,0,7,1
"649",5,0,5,1
"650",10,0,10,1
"651",10,0,10,1
"652",10,0,10,1
"653",16,0,16,1
"654",10,0,10,1
"655",18,0,18,1
"656",10,0,10,1
"657",2,0,2,1
"658",10,0,10,1
"659",10,0,10,1
"660",10,0,10,1
"661",10,0,5,0
"662",7,0,7,1
"663",5,0,5,1
"664",3,0,3,1
"665",10,0,10,1
"666",5,0,10,0
"667",11,0,11,1
"668",7,0,7,1
"669",11,0,11,1
"670",4,0,10,0
"671",18,0,18,1
"672",10,0,10,1
"673",10,0,10,1
"674",11,0,11,1
"675",5,0,5,1
"676",2,0,2,1
"677",3,0,4,0
"678",11,0,11,1
"679",8,0,8,1
"680",10,0,10,1
"681",2,0,2,1
"682",11,0,11,1
"683",11,0,11,1
"684",10,0,5,0
"685",10,0,10,1
"686",9,0,9,1
"687",10,0,5,0
"688",5,0,5,1
"689",10,0,10,1
"690",10,0,10,1
"691",18,0,18,1
"692",2,0,2,1
"693",11,0,11,1
"694",10,0,10,1
"695",7,0,7,1
"696",10,0,10,1
"697",3,0,3,1
"698",7,0,7,1
"699",10,0,10,1
"700",10,0,10,1
"701",17,0,17,1
"702",10,0,10,1
"703",16,0,16,1
"704",10,0,10,1
"705",18,0,10,0
"706",11,0,11,1
"707",5,0,5,1
"708",10,0,10,1
"709",10,0,10,1
"710",10,0,10,1
"711",11,0,11,1
"712",4,0,10,0
"713",2,0,2,1
"714",4,0,4,1
"715",18,0,18,1
"716",5,0,5,1
"717",10,0,10,1
"718",7,0,7,1
"719",10,0,10,1
"720",5,0,5,1
"721",8,0,7,0
"722",7,0,7,1
"723",2,0,2,1
"724",7,0,7,1
"725",7,0,7,1
"726",7,0,7,1
"727",15,0,15,1
"728",2,0,2,1
"729",9,0,7,0
"730",15,0,15,1
"731",2,0,2,1
"732",2,0,2,1
"733",18,0,18,1
"734",2,0,2,1
"735",7,0,7,1
"736",2,0,2,1
"737",2,0,2,1
"738",15,0,15,1
"739",2,0,2,1
"740",2,0,2,1
"741",2,0,2,1
"742",2,0,2,1
"743",2,0,2,1
"744",15,0,15,1
"745",2,0,2,1
"746",14,0,14,1
"747",15,0,15,1
"748",2,0,2,1
"749",11,0,11,1
"750",2,0,2,1
"751",15,0,15,1
"752",15,0,15,1
"753",2,0,2,1
"754",7,0,7,1
"755",7,0,7,1
"756",15,0,15,1
"757",16,0,16,1
"758",2,0,2,1
"759",15,0,15,1
"760",7,0,7,1
"761",2,0,2,1
"762",7,0,7,1
"763",7,0,7,1
"764",2,0,2,1
"765",2,0,2,1
"766",7,0,7,1
"767",16,0,16,1
"768",11,0,11,1
"769",7,0,7,1
"770",2,0,2,1
"771",2,0,2,1
"772",2,0,2,1
"773",2,0,2,1
"774",7,0,7,1
"775",2,0,2,1
"776",7,0,7,1
"777",18,0,18,1
"778",7,0,7,1
"779",7,0,7,1
"780",2,0,2,1
"781",15,0,15,1
"782",5,0,5,1
"783",7,0,7,1
"784",15,0,15,1
"785",7,0,7,1
"786",2,0,2,1
"787",2,0,2,1
"788",11,0,11,1
"789",7,0,7,1
"790",7,0,7,1
"791",7,0,7,1
"792",15,0,15,1
"793",15,0,15,1
"794",7,0,7,1
"795",18,0,18,1
"796",7,0,7,1
"797",7,0,7,1
"798",7,0,7,1
"799",15,0,15,1
"800",2,0,2,1
"801",17,0,17,1
"802",11,0,17,0
"803",14,0,14,1
"804",17,0,17,1
"805",5,0,5,1
"806",14,0,14,1
"807",5,0,5,1
"808",14,0,14,1
"809",17,0,16,0
"810",5,0,17,0
"811",6,0,6,1
"812",5,0,5,1
"813",16,0,16,1
"814",16,0,16,1
"815",10,0,10,1
"816",16,0,16,1
"817",11,0,11,1
"818",17,0,16,0
"819",16,0,16,1
"820",12,0,12,1
"821",13,0,17,0
"822",17,0,16,0
"823",7,0,7,1
"824",12,0,12,1
"825",10,0,10,1
"826",17,0,17,1
"827",10,0,10,1
"828",10,0,10,1
"829",6,0,6,1
"830",17,0,17,1
"831",10,0,10,1
"832",10,0,10,1
"833",17,0,17,1
"834",12,0,12,1
"835",12,0,12,1
"836",2,0,2,1
"837",16,0,16,1
"838",17,0,17,1
"839",14,0,14,1
"840",13,0,17,0
"841",13,0,17,0
"842",17,0,16,0
"843",12,0,12,1
"844",6,0,6,1
"845",16,0,16,1
"846",8,0,8,1
"847",17,0,17,1
"848",11,0,11,1
"849",17,0,17,1
"850",13,0,13,1
"851",17,0,17,1
"852",12,0,12,1
"853",17,0,17,1
"854",11,0,11,1
"855",6,0,6,1
"856",17,0,17,1
"857",5,0,5,1
"858",10,0,10,1
"859",10,0,10,1
"860",13,0,13,1
"861",17,0,17,1
"862",17,0,17,1
"863",17,0,16,0
"864",11,0,11,1
"865",5,0,5,1
"866",7,0,7,1
"867",18,0,16,0
"868",2,0,2,1
"869",10,0,17,0
"870",17,0,17,1
"871",13,0,13,1
"872",12,0,12,1
"873",17,0,17,1
"874",7,0,7,1
"875",12,0,12,1
"876",16,0,16,1
"877",14,0,14,1
"878",17,0,17,1
"879",11,0,11,1
"880",16,0,16,1
"881",11,0,11,1
"882",4,0,4,1
"883",16,0,16,1
"884",3,0,3,1
"885",8,0,8,1
"886",4,0,4,1
"887",5,0,5,1
"888",4,0,4,1
"889",4,0,4,1
"890",3,0,3,1
"891",4,0,4,1
"892",3,0,3,1
"893",3,0,3,1
"894",11,0,11,1
"895",19,0,3,0
"896",2,0,2,1
"897",12,0,12,1
"898",19,0,19,1
"899",3,0,3,1
"900",13,0,13,1
"901",7,0,7,1
"902",5,0,5,1
"903",11,0,11,1
"904",5,0,5,1
"905",11,0,11,1
"906",4,0,4,1
"907",9,0,9,1
"908",19,0,19,1
"909",3,0,3,1
"910",2,0,2,1
"911",19,0,19,1
"912",4,0,4,1
"913",13,0,13,1
"914",3,0,3,1
"915",4,0,4,1
"916",16,0,16,1
"917",11,0,11,1
"918",11,0,11,1
"919",11,0,11,1
"920",11,0,11,1
"921",5,0,5,1
"922",16,0,16,1
"923",19,0,19,1
"924",19,0,19,1
"925",11,0,11,1
"926",4,0,4,1
"927",3,0,3,1
"928",19,0,19,1
"929",3,0,3,1
"930",4,0,4,1
"931",7,0,7,1
"932",5,0,5,1
"933",11,0,11,1
"934",11,0,11,1
"935",5,0,5,1
"936",13,0,13,1
"937",16,0,16,1
"938",4,0,4,1
"939",3,0,11,0
"940",19,0,19,1
"941",3,0,3,1
"942",3,0,3,1
"943",4,0,4,1
"944",19,0,19,1
"945",13,0,13,1
"946",7,0,7,1
"947",9,0,9,1
"948",3,0,3,1
"949",8,0,8,1
"950",19,0,19,1
"951",19,0,19,1
"952",4,0,4,1
"953",5,0,5,1
"954",5,0,5,1
"955",4,0,4,1
"956",8,0,8,1
"957",4,0,4,1
"958",5,0,5,1
"959",16,0,16,1
"960",11,0,11,1
"961",13,0,13,1
"962",8,0,8,1
"963",11,0,8,0
"964",11,0,11,1
"965",8,0,8,1
"966",11,0,11,1
"967",13,0,13,1
"968",11,0,8,0
"969",12,0,12,1
"970",9,0,9,1
"971",7,0,7,1
"972",8,0,11,0
"973",8,0,8,1
"974",13,0,13,1
"975",4,0,4,1
"976",8,0,8,1
"977",7,0,8,0
"978",13,0,13,1
"979",11,0,11,1
"980",13,0,13,1
"981",13,0,13,1
"982",8,0,8,1
"983",8,0,8,1
"984",4,0,4,1
"985",7,0,7,1
"986",8,0,8,1
"987",7,0,7,1
"988",8,0,8,1
"989",2,0,2,1
"990",13,0,13,1
"991",8,0,8,1
"992",7,0,7,1
"993",12,0,8,0
"994",11,0,11,1
"995",8,0,11,0
"996",8,0,11,0
"997",7,0,7,1
"998",13,0,13,1
"999",7,0,7,1
"1000",8,0,8,1
"1001",7,0,7,1
"1002",12,0,8,0
"1003",7,0,7,1
"1004",11,0,11,1
"1005",11,0,11,1
"1006",13,0,13,1
"1007",7,0,7,1
"1008",13,0,13,1
"1009",11,0,8,0
"1010",12,0,12,1
"1011",2,0,2,1
"1012",8,0,8,1
"1013",7,0,7,1
"1014",7,0,7,1
"1015",12,0,12,1
"1016",8,0,8,1
"1017",4,0,4,1
"1018",2,0,2,1
"1019",11,0,11,1
"1020",12,0,12,1
"1021",11,0,11,1
"1022",13,0,13,1
"1023",13,0,13,1
"1024",13,0,13,1
"1025",16,0,16,1
"1026",11,0,11,1
"1027",13,0,13,1
"1028",13,0,13,1
"1029",11,0,11,1
"1030",3,0,2,0
"1031",11,0,11,1
"1032",8,0,8,1
"1033",13,0,13,1
"1034",11,0,11,1
"1035",11,0,11,1
"1036",10,0,10,1
"1037",11,0,11,1
"1038",13,0,13,1
"1039",2,0,2,1
"1040",12,0,12,1
"1041",18,0,18,1
"1042",13,0,13,1
"1043",2,0,2,1
"1044",7,0,7,1
"1045",11,0,11,1
"1046",9,0,11,0
"1047",13,0,13,1
"1048",9,0,9,1
"1049",17,0,17,1
"1050",11,0,11,1
"1051",6,0,6,1
"1052",7,0,7,1
"1053",7,0,7,1
"1054",17,0,18,0
"1055",11,0,11,1
"1056",18,0,18,1
"1057",18,0,18,1
"1058",13,0,13,1
"1059",6,0,6,1
"1060",5,0,5,1
"1061",13,0,13,1
"1062",11,0,11,1
"1063",13,0,13,1
"1064",6,0,6,1
"1065",13,0,13,1
"1066",11,0,11,1
"1067",13,0,13,1
"1068",12,0,12,1
"1069",7,0,7,1
"1070",13,0,13,1
"1071",7,0,7,1
"1072",13,0,13,1
"1073",7,0,7,1
"1074",13,0,13,1
"1075",12,0,12,1
"1076",7,0,7,1
"1077",5,0,5,1
"1078",13,0,13,1
"1079",7,0,7,1
"1080",13,0,13,1
"1081",11,0,11,1
"1082",2,0,2,1
"1083",11,0,11,1
"1084",13,0,13,1
"1085",19,0,11,0
"1086",13,0,13,1
"1087",11,0,11,1
"1088",5,0,5,1
"1089",11,0,11,1
"1090",16,0,16,1
"1091",2,0,2,1
"1092",2,0,2,1
"1093",13,0,13,1
"1094",14,0,14,1
"1095",19,0,19,1
"1096",13,0,13,1
"1097",2,0,2,1
"1098",15,0,15,1
"1099",11,0,11,1
"1100",13,0,13,1
"1101",19,0,19,1
"1102",6,0,6,1
"1103",13,0,13,1
"1104",11,0,11,1
"1105",15,0,15,1
"1106",13,0,13,1
"1107",15,0,15,1
"1108",6,0,6,1
"1109",16,0,16,1
"1110",13,0,13,1
"1111",5,0,5,1
"1112",8,0,8,1
"1113",16,0,16,1
"1114",2,0,2,1
"1115",6,0,7,0
"1116",18,0,11,0
"1117",13,0,13,1
"1118",17,0,17,1
"1119",13,0,13,1
"1120",11,0,11,1
"1121",6,0,6,1
"1122",17,0,17,1
"1123",5,0,5,1
"1124",3,0,3,1
"1125",8,0,8,1
"1126",4,0,4,1
"1127",19,0,19,1
"1128",3,0,3,1
"1129",11,0,11,1
"1130",4,0,19,0
"1131",5,0,5,1
"1132",19,0,4,0
"1133",2,0,4,0
"1134",19,0,19,1
"1135",19,0,19,1
"1136",2,0,2,1
"1137",3,0,4,0
"1138",4,0,4,1
"1139",6,0,6,1
"1140",18,0,18,1
"1141",12,0,12,1
"1142",12,0,12,1
"1143",4,0,4,1
"1144",6,0,6,1
"1145",4,0,4,1
"1146",3,0,3,1
"1147",4,0,4,1
"1148",3,0,4,0
"1149",19,0,19,1
"1150",11,0,11,1
"1151",18,0,18,1
"1152",3,0,3,1
"1153",2,0,2,1
"1154",5,0,5,1
"1155",5,0,5,1
"1156",11,0,11,1
"1157",19,0,19,1
"1158",19,0,19,1
"1159",17,0,4,0
"1160",5,0,5,1
"1161",2,0,4,0
"1162",5,0,5,1
"1163",3,0,3,1
"1164",4,0,4,1
"1165",5,0,5,1
"1166",18,0,18,1
"1167",6,0,6,1
"1168",8,0,8,1
"1169",3,0,4,0
"1170",5,0,5,1
"1171",18,0,18,1
"1172",18,0,18,1
"1173",4,0,4,1
"1174",5,0,5,1
"1175",19,0,19,1
"1176",4,0,4,1
"1177",12,0,12,1
"1178",4,0,19,0
"1179",4,0,4,1
"1180",4,0,4,1
"1181",19,0,19,1
"1182",19,0,4,0
"1183",15,0,15,1
"1184",19,0,19,1
"1185",8,0,8,1
"1186",19,0,19,1
"1187",2,0,2,1
"1188",4,0,4,1
"1189",15,0,15,1
"1190",8,0,8,1
"1191",17,0,17,1
"1192",4,0,4,1
"1193",4,0,4,1
"1194",19,0,19,1
"1195",6,0,4,0
"1196",4,0,4,1
"1197",19,0,19,1
"1198",6,0,6,1
"1199",17,0,4,0
"1200",5,0,5,1
"1201",8,0,8,1
"1202",16,0,16,1
"1203",12,0,12,1
"1204",12,0,12,1
"1205",16,0,16,1
"1206",12,0,12,1
"1207",10,0,10,1
"1208",3,0,3,1
"1209",8,0,8,1
"1210",17,0,15,0
"1211",3,0,3,1
"1212",15,0,15,1
"1213",16,0,16,1
"1214",3,0,3,1
"1215",2,0,2,1
"1216",2,0,2,1
"1217",2,0,2,1
"1218",12,0,12,1
"1219",2,0,2,1
"1220",12,0,12,1
"1221",3,0,3,1
"1222",15,0,15,1
"1223",19,0,17,0
"1224",12,0,12,1
"1225",10,0,10,1
"1226",15,0,15,1
"1227",15,0,15,1
"1228",2,0,2,1
"1229",10,0,14,0
"1230",14,0,14,1
"1231",10,0,10,1
"1232",17,0,17,1
"1233",10,0,10,1
"1234",17,0,17,1
"1235",2,0,2,1
"1236",12,0,12,1
"1237",10,0,10,1
"1238",11,0,11,1
"1239",12,0,12,1
"1240",12,0,12,1
"1241",10,0,10,1
"1242",14,0,12,0
"1243",10,0,10,1
"1244",12,0,12,1
"1245",2,0,2,1
"1246",10,0,10,1
"1247",10,0,10,1
"1248",14,0,14,1
"1249",14,0,14,1
"1250",3,0,3,1
"1251",4,0,4,1
"1252",10,0,10,1
"1253",12,0,12,1
"1254",2,0,2,1
"1255",10,0,10,1
"1256",12,0,12,1
"1257",10,0,10,1
"1258",2,0,2,1
"1259",10,0,10,1
"1260",9,0,9,1
"1261",10,0,10,1
"1262",2,0,2,1
"1263",12,0,12,1
"1264",17,0,15,0
"1265",2,0,2,1
"1266",3,0,2,0
"1267",12,0,12,1
"1268",10,0,10,1
"1269",2,0,2,1
"1270",4,0,4,1
"1271",10,0,10,1
"1272",2,0,2,1
"1273",17,0,17,1
"1274",14,0,14,1
"1275",8,0,10,0
"1276",12,0,12,1
"1277",3,0,3,1
"1278",15,0,15,1
"1279",12,0,12,1
"1280",11,0,11,1
"1281",18,0,18,1
"1282",12,0,12,1
"1283",19,0,19,1
"1284",18,0,18,1
"1285",9,0,9,1
"1286",4,0,4,1
"1287",9,0,9,1
"1288",17,0,17,1
"1289",19,0,19,1
"1290",14,0,18,0
"1291",6,0,6,1
"1292",12,0,12,1
"1293",19,0,19,1
"1294",9,0,9,1
"1295",19,0,19,1
"1296",19,0,19,1
"1297",17,0,17,1
"1298",2,0,2,1
"1299",9,0,9,1
"1300",17,0,17,1
"1301",17,0,17,1
"1302",19,0,19,1
"1303",5,0,5,1
"1304",9,0,9,1
"1305",18,0,18,1
"1306",2,0,18,0
"1307",19,0,19,1
"1308",19,0,19,1
"1309",17,0,17,1
"1310",15,0,15,1
"1311",4,0,4,1
"1312",9,0,9,1
"1313",8,0,8,1
"1314",19,0,19,1
"1315",17,0,17,1
"1316",2,0,18,0
"1317",8,0,8,1
"1318",2,0,2,1
"1319",3,0,3,1
"1320",17,0,17,1
"1321",14,0,14,1
"1322",6,0,6,1
"1323",19,0,19,1
"1324",17,0,18,0
"1325",6,0,6,1
"1326",19,0,19,1
"1327",4,0,4,1
"1328",18,0,18,1
"1329",19,0,19,1
"1330",14,0,14,1
"1331",12,0,12,1
"1332",7,0,7,1
"1333",9,0,18,0
"1334",17,0,17,1
"1335",18,0,18,1
"1336",7,0,7,1
"1337",18,0,18,1
"1338",18,0,18,1
"1339",4,0,4,1
"1340",9,0,9,1
"1341",8,0,8,1
"1342",2,0,2,1
"1343",7,0,7,1
"1344",2,0,18,0
"1345",14,0,14,1
"1346",7,0,7,1
"1347",8,0,8,1
"1348",4,0,6,0
"1349",2,0,2,1
"1350",2,0,18,0
"1351",7,0,7,1
"1352",7,0,7,1
"1353",6,0,6,1
"1354",9,0,9,1
"1355",7,0,7,1
"1356",19,0,19,1
"1357",6,0,6,1
"1358",2,0,2,1
"1359",6,0,6,1
"1360",9,0,9,1
"1361",5,0,5,1
"1362",4,0,4,1
"1363",7,0,7,1
"1364",4,0,4,1
"1365",17,0,17,1
"1366",7,0,7,1
"1367",18,0,4,0
"1368",2,0,2,1
"1369",4,0,4,1
"1370",14,0,4,0
"1371",7,0,7,1
"1372",9,0,9,1
"1373",4,0,4,1
"1374",4,0,4,1
"1375",2,0,2,1
"1376",4,0,4,1
"1377",2,0,2,1
"1378",17,0,17,1
"1379",4,0,4,1
"1380",2,0,2,1
"1381",5,0,5,1
"1382",2,0,2,1
"1383",17,0,17,1
"1384",13,0,13,1
"1385",7,0,7,1
"1386",17,0,17,1
"1387",2,0,2,1
"1388",4,0,4,1
"1389",4,0,4,1
"1390",5,0,5,1
"1391",4,0,5,0
"1392",4,0,5,0
"1393",13,0,13,1
"1394",11,0,11,1
"1395",16,0,16,1
"1396",4,0,4,1
"1397",11,0,11,1
"1398",5,0,5,1
"1399",5,0,4,0
"1400",5,0,5,1
"1401",5,0,5,1
"1402",17,0,17,1
"1403",4,0,4,1
"1404",8,0,8,1
"1405",7,0,7,1
"1406",19,0,19,1
"1407",2,0,2,1
"1408",12,0,12,1
"1409",2,0,2,1
"1410",4,0,4,1
"1411",4,0,4,1
"1412",12,0,12,1
"1413",19,0,17,0
"1414",7,0,7,1
"1415",4,0,4,1
"1416",11,0,11,1
"1417",4,0,4,1
"1418",4,0,4,1
"1419",17,0,17,1
"1420",8,0,8,1
"1421",10,0,10,1
"1422",9,0,9,1
"1423",7,0,7,1
"1424",11,0,11,1
"1425",4,0,4,1
"1426",12,0,12,1
"1427",5,0,4,0
"1428",7,0,7,1
"1429",4,0,4,1
"1430",12,0,12,1
"1431",4,0,4,1
"1432",8,0,8,1
"1433",11,0,11,1
"1434",2,0,2,1
"1435",13,0,13,1
"1436",11,0,11,1
"1437",4,0,4,1
"1438",4,0,4,1
"1439",2,0,2,1
"1440",5,0,5,1
"1441",2,0,2,1
"1442",2,0,2,1
"1443",15,0,15,1
"1444",15,0,15,1
"1445",6,0,6,1
"1446",2,0,2,1
"1447",7,0,7,1
"1448",2,0,2,1
"1449",2,0,2,1
"1450",2,0,2,1
"1451",2,0,2,1
"1452",7,0,7,1
"1453",7,0,7,1
"1454",7,0,7,1
"1455",2,0,2,1
"1456",2,0,2,1
"1457",5,0,5,1
"1458",2,0,2,1
"1459",16,0,16,1
"1460",2,0,2,1
"1461",2,0,2,1
"1462",2,0,2,1
"1463",2,0,2,1
"1464",2,0,2,1
"1465",2,0,2,1
"1466",2,0,2,1
"1467",2,0,2,1
"1468",2,0,2,1
"1469",15,0,15,1
"1470",2,0,2,1
"1471",2,0,2,1
"1472",2,0,2,1
"1473",16,0,16,1
"1474",2,0,2,1
"1475",15,0,7,0
"1476",2,0,2,1
"1477",19,0,19,1
"1478",2,0,2,1
"1479",10,0,7,0
"1480",16,0,16,1
"1481",19,0,19,1
"1482",2,0,2,1
"1483",2,0,2,1
"1484",2,0,2,1
"1485",16,0,16,1
"1486",2,0,2,1
"1487",16,0,16,1
"1488",16,0,16,1
"1489",10,0,10,1
"1490",2,0,2,1
"1491",16,0,16,1
"1492",2,0,2,1
"1493",2,0,2,1
"1494",2,0,2,1
"1495",2,0,2,1
"1496",2,0,2,1
"1497",7,0,7,1
"1498",15,0,15,1
"1499",10,0,10,1
"1500",2,0,2,1
"1501",2,0,2,1
"1502",19,0,7,0
"1503",2,0,2,1
"1504",2,0,2,1
"1505",2,0,2,1
"1506",2,0,2,1
"1507",16,0,16,1
"1508",2,0,2,1
"1509",2,0,2,1
"1510",2,0,2,1
"1511",2,0,2,1
"1512",13,0,13,1
"1513",15,0,15,1
"1514",7,0,7,1
"1515",2,0,2,1
"1516",16,0,16,1
"1517",4,0,2,0
"1518",2,0,2,1
"1519",2,0,2,1
"1520",16,0,16,1
"1521",10,0,10,1
"1522",4,0,4,1
"1523",8,0,8,1
"1524",4,0,4,1
"1525",4,0,4,1
"1526",8,0,8,1
"1527",10,0,10,1
"1528",15,0,15,1
"1529",8,0,8,1
"1530",14,0,14,1
"1531",11,0,11,1
"1532",4,0,4,1
"1533",14,0,14,1
"1534",14,0,14,1
"1535",9,0,9,1
"1536",19,0,19,1
"1537",8,0,8,1
"1538",10,0,10,1
"1539",15,0,15,1
"1540",10,0,10,1
"1541",10,0,10,1
"1542",9,0,10,0
"1543",10,0,10,1
"1544",7,0,7,1
"1545",8,0,10,0
"1546",10,0,10,1
"1547",13,0,13,1
"1548",9,0,9,1
"1549",8,0,8,1
"1550",4,0,4,1
"1551",4,0,4,1
"1552",14,0,14,1
"1553",8,0,8,1
"1554",14,0,10,0
"1555",10,0,14,0
"1556",2,0,2,1
"1557",14,0,14,1
"1558",7,0,7,1
"1559",4,0,4,1
"1560",14,0,14,1
"1561",10,0,10,1
"1562",4,0,4,1
"1563",10,0,10,1
"1564",19,0,19,1
"1565",10,0,10,1
"1566",4,0,4,1
"1567",14,0,14,1
"1568",10,0,10,1
"1569",11,0,11,1
"1570",4,0,10,0
"1571",4,0,4,1
"1572",4,0,4,1
"1573",10,0,10,1
"1574",10,0,10,1
"1575",4,0,4,1
"1576",4,0,4,1
"1577",8,0,8,1
"1578",4,0,4,1
"1579",11,0,11,1
"1580",10,0,14,0
"1581",14,0,14,1
"1582",8,0,8,1
"1583",10,0,14,0
"1584",13,0,13,1
"1585",4,0,4,1
"1586",10,0,10,1
"1587",12,0,12,1
"1588",14,0,14,1
"1589",14,0,14,1
"1590",4,0,4,1
"1591",2,0,2,1
"1592",10,0,10,1
"1593",11,0,11,1
"1594",11,0,11,1
"1595",14,0,14,1
"1596",18,0,18,1
"1597",8,0,8,1
"1598",10,0,10,1
"1599",14,0,14,1
"1600",4,0,4,1
"1601",15,0,15,1
"1602",8,0,8,1
"1603",7,0,7,1
"1604",7,0,7,1
"1605",8,0,8,1
"1606",16,0,15,0
"1607",19,0,19,1
"1608",7,0,7,1
"1609",12,0,12,1
"1610",7,0,7,1
"1611",17,0,17,1
"1612",15,0,15,1
"1613",8,0,8,1
"1614",19,0,19,1
"1615",8,0,8,1
"1616",17,0,17,1
"1617",16,0,16,1
"1618",16,0,16,1
"1619",8,0,8,1
"1620",3,0,3,1
"1621",15,0,15,1
"1622",2,0,2,1
"1623",2,0,2,1
"1624",8,0,8,1
"1625",16,0,16,1
"1626",16,0,16,1
"1627",17,0,17,1
"1628",16,0,16,1
"1629",8,0,8,1
"1630",2,0,2,1
"1631",16,0,16,1
"1632",17,0,17,1
"1633",8,0,8,1
"1634",17,0,17,1
"1635",16,0,16,1
"1636",4,0,4,1
"1637",16,0,16,1
"1638",16,0,16,1
"1639",16,0,16,1
"1640",16,0,16,1
"1641",15,0,15,1
"1642",17,0,17,1
"1643",15,0,15,1
"1644",2,0,2,1
"1645",16,0,16,1
"1646",15,0,15,1
"1647",2,0,2,1
"1648",7,0,7,1
"1649",16,0,16,1
"1650",15,0,15,1
"1651",17,0,17,1
"1652",10,0,10,1
"1653",17,0,17,1
"1654",16,0,16,1
"1655",16,0,16,1
"1656",14,0,14,1
"1657",8,0,8,1
"1658",17,0,17,1
"1659",16,0,16,1
"1660",16,0,16,1
"1661",16,0,15,0
"1662",16,0,16,1
"1663",7,0,7,1
"1664",16,0,16,1
"1665",17,0,17,1
"1666",17,0,17,1
"1667",2,0,2,1
"1668",15,0,15,1
"1669",2,0,2,1
"1670",16,0,16,1
"1671",16,0,16,1
"1672",2,0,2,1
"1673",19,0,16,0
"1674",16,0,16,1
"1675",7,0,7,1
"1676",2,0,2,1
"1677",2,0,2,1
"1678",2,0,2,1
"1679",16,0,16,1
"1680",3,0,3,1
"1681",13,0,13,1
"1682",8,0,8,1
"1683",10,0,10,1
"1684",12,0,12,1
"1685",9,0,9,1
"1686",8,0,8,1
"1687",14,0,14,1
"1688",2,0,2,1
"1689",9,0,9,1
"1690",2,0,2,1
"1691",5,0,5,1
"1692",16,0,16,1
"1693",12,0,12,1
"1694",14,0,14,1
"1695",14,0,14,1
"1696",12,0,12,1
"1697",12,0,12,1
"1698",14,0,8,0
"1699",13,0,13,1
"1700",12,0,12,1
"1701",14,0,14,1
"1702",8,0,8,1
"1703",14,0,14,1
"1704",8,0,8,1
"1705",8,0,8,1
"1706",5,0,5,1
"1707",8,0,8,1
"1708",4,0,4,1
"1709",10,0,10,1
"1710",12,0,12,1
"1711",8,0,8,1
"1712",14,0,14,1
"1713",12,0,12,1
"1714",2,0,2,1
"1715",8,0,8,1
"1716",12,0,12,1
"1717",9,0,9,1
"1718",10,0,10,1
"1719",2,0,2,1
"1720",8,0,8,1
"1721",14,0,14,1
"1722",8,0,8,1
"1723",2,0,8,0
"1724",19,0,19,1
"1725",16,0,16,1
"1726",8,0,12,0
"1727",11,0,11,1
"1728",5,0,5,1
"1729",14,0,14,1
"1730",8,0,8,1
"1731",14,0,14,1
"1732",14,0,14,1
"1733",12,0,8,0
"1734",8,0,8,1
"1735",8,0,12,0
"1736",3,0,3,1
"1737",5,0,5,1
"1738",5,0,5,1
"1739",14,0,14,1
"1740",14,0,14,1
"1741",8,0,8,1
"1742",12,0,12,1
"1743",16,0,16,1
"1744",13,0,13,1
"1745",2,0,2,1
"1746",5,0,5,1
"1747",5,0,5,1
"1748",8,0,12,0
"1749",10,0,12,0
"1750",8,0,8,1
"1751",8,0,8,1
"1752",5,0,5,1
"1753",8,0,8,1
"1754",12,0,8,0
"1755",8,0,8,1
"1756",14,0,14,1
"1757",8,0,8,1
"1758",8,0,8,1
"1759",9,0,9,1
"1760",2,0,8,0
"1761",7,0,7,1
"1762",8,0,8,1
"1763",4,0,4,1
"1764",8,0,9,0
"1765",9,0,9,1
"1766",8,0,8,1
"1767",5,0,4,0
"1768",2,0,2,1
"1769",9,0,8,0
"1770",3,0,4,0
"1771",12,0,12,1
"1772",2,0,2,1
"1773",8,0,8,1
"1774",12,0,8,0
"1775",11,0,11,1
"1776",8,0,8,1
"1777",12,0,12,1
"1778",8,0,8,1
"1779",6,0,8,0
"1780",11,0,11,1
"1781",12,0,12,1
"1782",3,0,3,1
"1783",16,0,16,1
"1784",8,0,8,1
"1785",8,0,8,1
"1786",12,0,12,1
"1787",16,0,16,1
"1788",8,0,8,1
"1789",10,0,10,1
"1790",8,0,8,1
"1791",8,0,8,1
"1792",11,0,11,1
"1793",8,0,8,1
"1794",10,0,10,1
"1795",9,0,9,1
"1796",2,0,2,1
"1797",9,0,9,1
"1798",7,0,7,1
"1799",9,0,9,1
"1800",4,0,4,1
"1801",9,0,8,0
"1802",8,0,8,1
"1803",17,0,17,1
"1804",9,0,9,1
"1805",11,0,11,1
"1806",10,0,10,1
"1807",10,0,11,0
"1808",7,0,7,1
"1809",8,0,8,1
"1810",2,0,2,1
"1811",17,0,17,1
"1812",6,0,6,1
"1813",8,0,8,1
"1814",8,0,8,1
"1815",8,0,9,0
"1816",10,0,10,1
"1817",10,0,11,0
"1818",9,0,8,0
"1819",11,0,11,1
"1820",6,0,6,1
"1821",6,0,6,1
"1822",6,0,8,0
"1823",12,0,12,1
"1824",11,0,11,1
"1825",18,0,18,1
"1826",8,0,8,1
"1827",12,0,12,1
"1828",12,0,12,1
"1829",8,0,8,1
"1830",4,0,4,1
"1831",8,0,8,1
"1832",7,0,7,1
"1833",4,0,4,1
"1834",9,0,9,1
"1835",8,0,8,1
"1836",9,0,9,1
"1837",9,0,9,1
"1838",8,0,8,1
"1839",8,0,8,1
"1840",10,0,10,1
"1841",14,0,14,1
"1842",17,0,17,1
"1843",17,0,17,1
"1844",13,0,13,1
"1845",2,0,2,1
"1846",2,0,2,1
"1847",3,0,3,1
"1848",17,0,17,1
"1849",12,0,12,1
"1850",12,0,12,1
"1851",17,0,17,1
"1852",19,0,19,1
"1853",19,0,19,1
"1854",2,0,2,1
"1855",7,0,7,1
"1856",19,0,17,0
"1857",12,0,12,1
"1858",17,0,3,0
"1859",3,0,3,1
"1860",14,0,14,1
"1861",14,0,14,1
"1862",2,0,2,1
"1863",15,0,15,1
"1864",17,0,17,1
"1865",15,0,15,1
"1866",3,0,3,1
"1867",10,0,10,1
"1868",12,0,12,1
"1869",10,0,10,1
"1870",14,0,14,1
"1871",3,0,3,1
"1872",2,0,2,1
"1873",12,0,12,1
"1874",17,0,17,1
"1875",13,0,13,1
"1876",6,0,6,1
"1877",8,0,8,1
"1878",3,0,3,1
"1879",7,0,7,1
"1880",12,0,12,1
"1881",14,0,12,0
"1882",17,0,17,1
"1883",7,0,7,1
"1884",5,0,5,1
"1885",3,0,3,1
"1886",2,0,2,1
"1887",2,0,2,1
"1888",14,0,12,0
"1889",8,0,8,1
"1890",17,0,17,1
"1891",3,0,3,1
"1892",2,0,2,1
"1893",14,0,14,1
"1894",17,0,3,0
"1895",2,0,2,1
"1896",12,0,12,1
"1897",10,0,10,1
"1898",12,0,12,1
"1899",19,0,19,1
"1900",14,0,14,1
"1901",17,0,17,1
"1902",14,0,14,1
"1903",10,0,10,1
"1904",2,0,2,1
"1905",6,0,6,1
"1906",14,0,14,1
"1907",3,0,3,1
"1908",7,0,7,1
"1909",3,0,3,1
"1910",6,0,6,1
"1911",2,0,2,1
"1912",3,0,3,1
"1913",7,0,7,1
"1914",17,0,17,1
"1915",14,0,14,1
"1916",3,0,3,1
"1917",17,0,17,1
"1918",3,0,3,1
"1919",12,0,12,1
"1920",2,0,2,1
"1921",2,0,2,1
"1922",7,0,7,1
"1923",3,0,3,1
"1924",2,0,2,1
"1925",13,0,13,1
"1926",2,0,2,1
"1927",2,0,2,1
"1928",17,0,17,1
"1929",7,0,7,1
"1930",7,0,7,1
"1931",5,0,5,1
"1932",18,0,18,1
"1933",18,0,18,1
"1934",3,0,3,1
"1935",7,0,7,1
"1936",7,0,16,0
"1937",2,0,2,1
"1938",7,0,7,1
"1939",2,0,2,1
"1940",7,0,7,1
"1941",7,0,7,1
"1942",7,0,7,1
"1943",2,0,2,1
"1944",8,0,8,1
"1945",2,0,2,1
"1946",3,0,3,1
"1947",2,0,2,1
"1948",18,0,18,1
"1949",3,0,3,1
"1950",4,0,4,1
"1951",2,0,2,1
"1952",7,0,7,1
"1953",3,0,3,1
"1954",7,0,7,1
"1955",2,0,2,1
"1956",19,0,19,1
"1957",7,0,7,1
"1958",3,0,3,1
"1959",7,0,16,0
"1960",2,0,2,1
"1961",7,0,7,1
"1962",15,0,15,1
"1963",2,0,2,1
"1964",12,0,12,1
"1965",3,0,3,1
"1966",7,0,7,1
"1967",6,0,6,1
"1968",2,0,2,1
"1969",7,0,7,1
"1970",7,0,7,1
"1971",2,0,2,1
"1972",2,0,2,1
"1973",7,0,7,1
"1974",2,0,2,1
"1975",3,0,3,1
"1976",19,0,19,1
"1977",2,0,2,1
"1978",7,0,7,1
"1979",7,0,7,1
"1980",3,0,3,1
"1981",3,0,3,1
"1982",7,0,7,1
"1983",15,0,15,1
"1984",3,0,3,1
"1985",2,0,2,1
"1986",3,0,3,1
"1987",3,0,3,1
"1988",2,0,2,1
"1989",11,0,11,1
"1990",18,0,18,1
"1991",18,0,18,1
"1992",2,0,2,1
"1993",2,0,2,1
"1994",7,0,7,1
"1995",3,0,3,1
"1996",2,0,2,1
"1997",7,0,7,1
"1998",2,0,2,1
"1999",2,0,2,1
"2000",2,0,2,1
"2001",2,0,2,1
"2002",5,0,5,1
"2003",9,0,9,1
"2004",14,0,14,1
"2005",3,0,3,1
"2006",4,0,7,0
"2007",17,0,17,1
"2008",8,0,8,1
"2009",7,0,7,1
"2010",5,0,5,1
"2011",11,0,11,1
"2012",4,0,4,1
"2013",11,0,11,1
"2014",4,0,4,1
"2015",8,0,8,1
"2016",7,0,7,1
"2017",10,0,10,1
"2018",17,0,17,1
"2019",7,0,7,1
"2020",2,0,2,1
"2021",10,0,10,1
"2022",4,0,4,1
"2023",6,0,6,1
"2024",6,0,7,0
"2025",17,0,4,0
"2026",4,0,4,1
"2027",19,0,19,1
"2028",7,0,7,1
"2029",11,0,11,1
"2030",7,0,7,1
"2031",7,0,7,1
"2032",11,0,11,1
"2033",4,0,4,1
"2034",4,0,4,1
"2035",9,0,9,1
"2036",11,0,11,1
"2037",3,0,3,1
"2038",4,0,4,1
"2039",7,0,7,1
"2040",4,0,4,1
"2041",4,0,4,1
"2042",2,0,2,1
"2043",18,0,18,1
"2044",11,0,11,1
"2045",15,0,15,1
"2046",9,0,9,1
"2047",2,0,2,1
"2048",11,0,11,1
"2049",7,0,7,1
"2050",9,0,9,1
"2051",2,0,2,1
"2052",4,0,4,1
"2053",18,0,18,1
"2054",8,0,8,1
"2055",2,0,2,1
"2056",4,0,4,1
"2057",2,0,2,1
"2058",8,0,4,0
"2059",12,0,12,1
"2060",4,0,4,1
"2061",7,0,7,1
"2062",2,0,2,1
"2063",7,0,7,1
"2064",10,0,10,1
"2065",11,0,9,0
"2066",11,0,11,1
"2067",7,0,7,1
"2068",4,0,4,1
"2069",4,0,4,1
"2070",4,0,4,1
"2071",9,0,9,1
"2072",11,0,9,0
"2073",19,0,19,1
"2074",6,0,6,1
"2075",9,0,9,1
"2076",8,0,8,1
"2077",8,0,8,1
"2078",2,0,2,1
"2079",2,0,2,1
"2080",11,0,11,1
"2081",15,0,13,0
"2082",13,0,13,1
"2083",15,0,15,1
"2084",16,0,16,1
"2085",19,0,19,1
"2086",13,0,13,1
"2087",8,0,8,1
"2088",8,0,8,1
"2089",15,0,15,1
"2090",8,0,8,1
"2091",12,0,12,1
"2092",13,0,13,1
"2093",8,0,8,1
"2094",13,0,13,1
"2095",2,0,2,1
"2096",15,0,15,1
"2097",12,0,12,1
"2098",8,0,8,1
"2099",8,0,8,1
"2100",13,0,13,1
"2101",2,0,2,1
"2102",2,0,2,1
"2103",15,0,15,1
"2104",7,0,7,1
"2105",13,0,15,0
"2106",15,0,15,1
"2107",8,0,8,1
"2108",13,0,13,1
"2109",12,0,12,1
"2110",8,0,8,1
"2111",19,0,19,1
"2112",13,0,13,1
"2113",15,0,15,1
"2114",8,0,8,1
"2115",15,0,15,1
"2116",13,0,13,1
"2117",8,0,8,1
"2118",8,0,8,1
"2119",8,0,8,1
"2120",7,0,7,1
"2121",13,0,13,1
"2122",8,0,8,1
"2123",8,0,8,1
"2124",4,0,4,1
"2125",13,0,13,1
"2126",8,0,8,1
"2127",13,0,13,1
"2128",19,0,19,1
"2129",19,0,19,1
"2130",8,0,8,1
"2131",8,0,8,1
"2132",8,0,8,1
"2133",13,0,13,1
"2134",8,0,8,1
"2135",15,0,15,1
"2136",12,0,12,1
"2137",4,0,4,1
"2138",11,0,11,1
"2139",13,0,13,1
"2140",7,0,7,1
"2141",8,0,8,1
"2142",19,0,19,1
"2143",13,0,13,1
"2144",15,0,15,1
"2145",15,0,15,1
"2146",8,0,8,1
"2147",4,0,4,1
"2148",4,0,4,1
"2149",13,0,13,1
"2150",4,0,4,1
"2151",8,0,8,1
"2152",8,0,8,1
"2153",8,0,8,1
"2154",6,0,8,0
"2155",15,0,15,1
"2156",8,0,8,1
"2157",15,0,15,1
"2158",3,0,3,1
"2159",3,0,3,1
"2160",8,0,8,1
"2161",7,0,7,1
"2162",8,0,8,1
"2163",3,0,8,0
"2164",13,0,17,0
"2165",17,0,17,1
"2166",8,0,8,1
"2167",11,0,11,1
"2168",17,0,17,1
"2169",8,0,8,1
"2170",8,0,8,1
"2171",8,0,8,1
"2172",8,0,8,1
"2173",17,0,17,1
"2174",17,0,17,1
"2175",9,0,9,1
"2176",3,0,3,1
"2177",8,0,8,1
"2178",8,0,8,1
"2179",17,0,17,1
"2180",3,0,3,1
"2181",17,0,17,1
"2182",8,0,8,1
"2183",11,0,8,0
"2184",12,0,12,1
"2185",12,0,12,1
"2186",12,0,12,1
"2187",3,0,3,1
"2188",3,0,3,1
"2189",3,0,3,1
"2190",17,0,17,1
"2191",17,0,17,1
"2192",8,0,8,1
"2193",17,0,17,1
"2194",8,0,8,1
"2195",8,0,8,1
"2196",12,0,12,1
"2197",17,0,17,1
"2198",8,0,8,1
"2199",8,0,8,1
"2200",6,0,6,1
"2201",3,0,3,1
"2202",17,0,17,1
"2203",3,0,3,1
"2204",11,0,8,0
"2205",8,0,8,1
"2206",17,0,17,1
"2207",8,0,3,0
"2208",19,0,17,0
"2209",17,0,17,1
"2210",3,0,3,1
"2211",6,0,6,1
"2212",3,0,3,1
"2213",17,0,17,1
"2214",8,0,8,1
"2215",12,0,12,1
"2216",17,0,17,1
"2217",3,0,3,1
"2218",8,0,8,1
"2219",8,0,3,0
"2220",15,0,15,1
"2221",6,0,6,1
"2222",3,0,3,1
"2223",17,0,17,1
"2224",14,0,14,1
"2225",3,0,3,1
"2226",17,0,17,1
"2227",8,0,8,1
"2228",12,0,12,1
"2229",3,0,3,1
"2230",8,0,3,0
"2231",12,0,12,1
"2232",14,0,14,1
"2233",8,0,8,1
"2234",6,0,6,1
"2235",17,0,17,1
"2236",11,0,11,1
"2237",15,0,15,1
"2238",3,0,3,1
"2239",17,0,17,1
"2240",3,0,3,1
"2241",2,0,2,1
"2242",17,0,17,1
"2243",2,0,2,1
"2244",2,0,2,1
"2245",15,0,15,1
"2246",6,0,6,1
"2247",3,0,3,1
"2248",7,0,7,1
"2249",2,0,2,1
"2250",10,0,10,1
"2251",2,0,2,1
"2252",2,0,2,1
"2253",3,0,3,1
"2254",2,0,2,1
"2255",2,0,2,1
"2256",2,0,2,1
"2257",17,0,17,1
"2258",2,0,2,1
"2259",2,0,2,1
"2260",8,0,8,1
"2261",2,0,2,1
"2262",18,0,18,1
"2263",17,0,17,1
"2264",2,0,2,1
"2265",2,0,2,1
"2266",2,0,2,1
"2267",2,0,2,1
"2268",2,0,2,1
"2269",2,0,2,1
"2270",2,0,2,1
"2271",2,0,2,1
"2272",2,0,2,1
"2273",12,0,12,1
"2274",2,0,2,1
"2275",13,0,13,1
"2276",14,0,14,1
"2277",2,0,2,1
"2278",2,0,2,1
"2279",2,0,2,1
"2280",2,0,2,1
"2281",2,0,2,1
"2282",18,0,18,1
"2283",2,0,2,1
"2284",2,0,2,1
"2285",2,0,2,1
"2286",2,0,2,1
"2287",2,0,2,1
"2288",18,0,18,1
"2289",3,0,3,1
"2290",17,0,17,1
"2291",2,0,2,1
"2292",3,0,3,1
"2293",17,0,17,1
"2294",13,0,13,1
"2295",2,0,2,1
"2296",2,0,2,1
"2297",2,0,2,1
"2298",2,0,2,1
"2299",2,0,2,1
"2300",2,0,2,1
"2301",2,0,2,1
"2302",15,0,13,0
"2303",2,0,2,1
"2304",2,0,2,1
"2305",2,0,2,1
"2306",13,0,13,1
"2307",16,0,16,1
"2308",16,0,16,1
"2309",2,0,2,1
"2310",2,0,2,1
"2311",2,0,2,1
"2312",2,0,2,1
"2313",2,0,2,1
"2314",2,0,2,1
"2315",2,0,2,1
"2316",2,0,2,1
"2317",2,0,2,1
"2318",2,0,2,1
"2319",3,0,3,1
"2320",2,0,2,1
"2321",13,0,13,1
"2322",3,0,3,1
"2323",16,0,16,1
"2324",12,0,12,1
"2325",13,0,13,1
"2326",6,0,6,1
"2327",17,0,17,1
"2328",6,0,6,1
"2329",12,0,12,1
"2330",6,0,6,1
"2331",6,0,6,1
"2332",6,0,6,1
"2333",6,0,6,1
"2334",3,0,3,1
"2335",13,0,13,1
"2336",13,0,13,1
"2337",12,0,12,1
"2338",13,0,13,1
"2339",16,0,16,1
"2340",12,0,12,1
"2341",12,0,12,1
"2342",11,0,11,1
"2343",11,0,11,1
"2344",19,0,13,0
"2345",6,0,6,1
"2346",10,0,10,1
"2347",13,0,13,1
"2348",12,0,12,1
"2349",16,0,16,1
"2350",10,0,10,1
"2351",3,0,3,1
"2352",11,0,11,1
"2353",3,0,3,1
"2354",18,0,18,1
"2355",6,0,6,1
"2356",12,0,12,1
"2357",16,0,16,1
"2358",19,0,13,0
"2359",17,0,17,1
"2360",13,0,13,1
"2361",17,0,17,1
"2362",4,0,4,1
"2363",12,0,12,1
"2364",8,0,8,1
"2365",6,0,6,1
"2366",15,0,15,1
"2367",5,0,5,1
"2368",13,0,13,1
"2369",16,0,16,1
"2370",12,0,12,1
"2371",6,0,6,1
"2372",12,0,12,1
"2373",3,0,3,1
"2374",7,0,7,1
"2375",15,0,15,1
"2376",11,0,11,1
"2377",12,0,12,1
"2378",12,0,12,1
"2379",13,0,13,1
"2380",13,0,13,1
"2381",17,0,17,1
"2382",13,0,13,1
"2383",12,0,12,1
"2384",11,0,11,1
"2385",18,0,18,1
"2386",8,0,8,1
"2387",16,0,16,1
"2388",19,0,19,1
"2389",6,0,6,1
"2390",12,0,12,1
"2391",6,0,6,1
"2392",19,0,13,0
"2393",4,0,4,1
"2394",6,0,6,1
"2395",19,0,19,1
"2396",19,0,13,0
"2397",4,0,4,1
"2398",12,0,12,1
"2399",8,0,8,1
"2400",3,0,3,1
"2401",7,0,7,1
"2402",5,0,5,1
"2403",4,0,4,1
"2404",2,0,2,1
"2405",9,0,9,1
"2406",4,0,4,1
"2407",2,0,2,1
"2408",7,0,7,1
"2409",2,0,2,1
"2410",11,0,11,1
"2411",13,0,13,1
"2412",2,0,2,1
"2413",2,0,2,1
"2414",13,0,13,1
"2415",2,0,2,1
"2416",9,0,10,0
"2417",4,0,4,1
"2418",6,0,6,1
"2419",5,0,5,1
"2420",4,0,11,0
"2421",2,0,2,1
"2422",18,0,18,1
"2423",9,0,9,1
"2424",13,0,13,1
"2425",13,0,13,1
"2426",2,0,2,1
"2427",11,0,11,1
"2428",2,0,2,1
"2429",11,0,4,0
"2430",2,0,2,1
"2431",4,0,4,1
"2432",5,0,5,1
"2433",11,0,11,1
"2434",17,0,19,0
"2435",10,0,10,1
"2436",12,0,12,1
"2437",6,0,5,0
"2438",14,0,14,1
"2439",5,0,5,1
"2440",18,0,18,1
"2441",4,0,4,1
"2442",13,0,13,1
"2443",2,0,2,1
"2444",17,0,17,1
"2445",10,0,10,1
"2446",11,0,11,1
"2447",9,0,9,1
"2448",10,0,10,1
"2449",6,0,5,0
"2450",5,0,5,1
"2451",19,0,19,1
"2452",13,0,13,1
"2453",2,0,2,1
"2454",11,0,4,0
"2455",2,0,2,1
"2456",4,0,4,1
"2457",12,0,12,1
"2458",6,0,5,0
"2459",17,0,17,1
"2460",13,0,13,1
"2461",2,0,2,1
"2462",2,0,2,1
"2463",2,0,2,1
"2464",2,0,2,1
"2465",11,0,11,1
"2466",14,0,14,1
"2467",4,0,4,1
"2468",4,0,11,0
"2469",11,0,11,1
"2470",5,0,5,1
"2471",2,0,2,1
"2472",2,0,2,1
"2473",13,0,13,1
"2474",9,0,9,1
"2475",9,0,9,1
"2476",9,0,9,1
"2477",2,0,2,1
"2478",18,0,18,1
"2479",14,0,14,1
"2480",7,0,7,1
"2481",16,0,16,1
"2482",10,0,10,1
"2483",6,0,6,1
"2484",18,0,18,1
"2485",7,0,7,1
"2486",11,0,11,1
"2487",9,0,9,1
"2488",16,0,16,1
"2489",3,0,3,1
"2490",10,0,10,1
"2491",3,0,3,1
"2492",9,0,9,1
"2493",16,0,16,1
"2494",3,0,3,1
"2495",14,0,14,1
"2496",13,0,13,1
"2497",5,0,7,0
"2498",9,0,9,1
"2499",11,0,11,1
"2500",4,0,4,1
"2501",9,0,9,1
"2502",9,0,9,1
"2503",18,0,18,1
"2504",9,0,18,0
"2505",13,0,13,1
"2506",18,0,18,1
"2507",6,0,9,0
"2508",9,0,9,1
"2509",18,0,18,1
"2510",9,0,9,1
"2511",16,0,16,1
"2512",10,0,10,1
"2513",3,0,3,1
"2514",9,0,9,1
"2515",16,0,16,1
"2516",14,0,14,1
"2517",10,0,10,1
"2518",11,0,11,1
"2519",19,0,19,1
"2520",3,0,3,1
"2521",4,0,4,1
"2522",13,0,13,1
"2523",10,0,10,1
"2524",19,0,19,1
"2525",10,0,10,1
"2526",5,0,5,1
"2527",9,0,9,1
"2528",11,0,11,1
"2529",9,0,9,1
"2530",18,0,18,1
"2531",2,0,2,1
"2532",10,0,10,1
"2533",9,0,9,1
"2534",9,0,9,1
"2535",6,0,6,1
"2536",11,0,11,1
"2537",8,0,8,1
"2538",10,0,10,1
"2539",8,0,8,1
"2540",11,0,11,1
"2541",6,0,6,1
"2542",5,0,5,1
"2543",16,0,16,1
"2544",9,0,9,1
"2545",8,0,8,1
"2546",5,0,5,1
"2547",9,0,9,1
"2548",14,0,14,1
"2549",18,0,9,0
"2550",9,0,9,1
"2551",9,0,9,1
"2552",9,0,9,1
"2553",16,0,16,1
"2554",13,0,13,1
"2555",9,0,9,1
"2556",9,0,9,1
"2557",10,0,10,1
"2558",19,0,19,1
"2559",11,0,11,1
"2560",9,0,9,1
"2561",15,0,15,1
"2562",14,0,14,1
"2563",8,0,14,0
"2564",6,0,6,1
"2565",14,0,6,0
"2566",6,0,6,1
"2567",14,0,14,1
"2568",14,0,14,1
"2569",6,0,6,1
"2570",12,0,12,1
"2571",14,0,14,1
"2572",13,0,13,1
"2573",11,0,13,0
"2574",18,0,18,1
"2575",12,0,12,1
"2576",12,0,12,1
"2577",6,0,6,1
"2578",16,0,16,1
"2579",14,0,14,1
"2580",13,0,13,1
"2581",6,0,6,1
"2582",6,0,6,1
"2583",15,0,15,1
"2584",13,0,13,1
"2585",12,0,12,1
"2586",15,0,15,1
"2587",14,0,14,1
"2588",8,0,8,1
"2589",12,0,12,1
"2590",15,0,15,1
"2591",8,0,8,1
"2592",15,0,15,1
"2593",6,0,14,0
"2594",15,0,15,1
"2595",14,0,14,1
"2596",14,0,14,1
"2597",10,0,10,1
"2598",16,0,16,1
"2599",15,0,15,1
"2600",12,0,14,0
"2601",16,0,16,1
"2602",14,0,14,1
"2603",14,0,14,1
"2604",8,0,8,1
"2605",13,0,13,1
"2606",10,0,10,1
"2607",14,0,14,1
"2608",12,0,14,0
"2609",5,0,5,1
"2610",15,0,15,1
"2611",12,0,12,1
"2612",14,0,14,1
"2613",7,0,7,1
"2614",13,0,13,1
"2615",14,0,14,1
"2616",3,0,2,0
"2617",15,0,15,1
"2618",14,0,14,1
"2619",6,0,6,1
"2620",14,0,14,1
"2621",14,0,14,1
"2622",16,0,16,1
"2623",8,0,14,0
"2624",8,0,8,1
"2625",8,0,14,0
"2626",14,0,14,1
"2627",14,0,14,1
"2628",8,0,8,1
"2629",15,0,15,1
"2630",12,0,12,1
"2631",16,0,16,1
"2632",8,0,8,1
"2633",14,0,14,1
"2634",8,0,8,1
"2635",8,0,8,1
"2636",15,0,15,1
"2637",6,0,6,1
"2638",12,0,12,1
"2639",14,0,14,1
"2640",14,0,14,1
"2641",16,0,16,1
"2642",6,0,6,1
"2643",6,0,6,1
"2644",6,0,6,1
"2645",6,0,6,1
"2646",11,0,11,1
"2647",11,0,11,1
"2648",11,0,11,1
"2649",6,0,6,1
"2650",6,0,6,1
"2651",11,0,11,1
"2652",15,0,15,1
"2653",3,0,3,1
"2654",16,0,16,1
"2655",8,0,8,1
"2656",8,0,8,1
"2657",18,0,18,1
"2658",18,0,18,1
"2659",11,0,11,1
"2660",16,0,16,1
"2661",16,0,6,0
"2662",6,0,6,1
"2663",14,0,14,1
"2664",9,0,9,1
"2665",6,0,16,0
"2666",11,0,11,1
"2667",7,0,7,1
"2668",16,0,16,1
"2669",16,0,16,1
"2670",11,0,11,1
"2671",16,0,16,1
"2672",10,0,10,1
"2673",16,0,16,1
"2674",11,0,11,1
"2675",16,0,16,1
"2676",18,0,18,1
"2677",6,0,6,1
"2678",18,0,18,1
"2679",16,0,16,1
"2680",11,0,11,1
"2681",16,0,16,1
"2682",16,0,16,1
"2683",16,0,16,1
"2684",9,0,9,1
"2685",10,0,10,1
"2686",3,0,3,1
"2687",10,0,10,1
"2688",9,0,9,1
"2689",16,0,6,0
"2690",16,0,16,1
"2691",10,0,10,1
"2692",6,0,6,1
"2693",16,0,16,1
"2694",3,0,3,1
"2695",16,0,16,1
"2696",18,0,18,1
"2697",10,0,16,0
"2698",16,0,16,1
"2699",12,0,12,1
"2700",16,0,16,1
"2701",18,0,18,1
"2702",5,0,5,1
"2703",18,0,18,1
"2704",9,0,9,1
"2705",8,0,8,1
"2706",16,0,16,1
"2707",10,0,10,1
"2708",6,0,6,1
"2709",14,0,14,1
"2710",6,0,6,1
"2711",17,0,17,1
"2712",18,0,18,1
"2713",15,0,16,0
"2714",16,0,16,1
"2715",16,0,16,1
"2716",16,0,16,1
"2717",16,0,16,1
"2718",18,0,18,1
"2719",3,0,3,1
"2720",11,0,11,1
"2721",14,0,14,1
"2722",15,0,15,1
"2723",7,0,7,1
"2724",8,0,8,1
"2725",18,0,8,0
"2726",5,0,5,1
"2727",8,0,8,1
"2728",8,0,15,0
"2729",8,0,8,1
"2730",8,0,8,1
"2731",7,0,8,0
"2732",11,0,9,0
"2733",14,0,14,1
"2734",8,0,8,1
"2735",8,0,8,1
"2736",8,0,8,1
"2737",8,0,8,1
"2738",7,0,7,1
"2739",16,0,16,1
"2740",4,0,4,1
"2741",16,0,16,1
"2742",15,0,15,1
"2743",11,0,11,1
"2744",16,0,16,1
"2745",8,0,8,1
"2746",8,0,8,1
"2747",8,0,8,1
"2748",7,0,7,1
"2749",7,0,7,1
"2750",16,0,16,1
"2751",16,0,16,1
"2752",15,0,15,1
"2753",18,0,18,1
"2754",9,0,9,1
"2755",8,0,8,1
"2756",8,0,8,1
"2757",5,0,5,1
"2758",8,0,8,1
"2759",11,0,11,1
"2760",11,0,11,1
"2761",9,0,9,1
"2762",11,0,11,1
"2763",9,0,9,1
"2764",15,0,15,1
"2765",12,0,12,1
"2766",15,0,15,1
"2767",14,0,14,1
"2768",15,0,15,1
"2769",8,0,15,0
"2770",8,0,8,1
"2771",15,0,15,1
"2772",8,0,8,1
"2773",11,0,9,0
"2774",18,0,18,1
"2775",8,0,15,0
"2776",11,0,11,1
"2777",8,0,8,1
"2778",16,0,16,1
"2779",16,0,16,1
"2780",10,0,10,1
"2781",8,0,8,1
"2782",18,0,18,1
"2783",19,0,19,1
"2784",7,0,8,0
"2785",16,0,16,1
"2786",8,0,8,1
"2787",12,0,12,1
"2788",10,0,8,0
"2789",7,0,7,1
"2790",9,0,9,1
"2791",15,0,15,1
"2792",8,0,8,1
"2793",9,0,9,1
"2794",8,0,8,1
"2795",8,0,8,1
"2796",15,0,15,1
"2797",5,0,5,1
"2798",15,0,15,1
"2799",7,0,7,1
"2800",5,0,5,1
"2801",3,0,3,1
"2802",5,0,5,1
"2803",8,0,8,1
"2804",8,0,8,1
"2805",8,0,8,1
"2806",6,0,5,0
"2807",6,0,6,1
"2808",6,0,6,1
"2809",9,0,9,1
"2810",8,0,8,1
"2811",5,0,5,1
"2812",4,0,4,1
"2813",8,0,8,1
"2814",3,0,3,1
"2815",10,0,10,1
"2816",5,0,5,1
"2817",6,0,6,1
"2818",6,0,6,1
"2819",6,0,6,1
"2820",2,0,2,1
"2821",8,0,8,1
"2822",6,0,6,1
"2823",6,0,6,1
"2824",4,0,6,0
"2825",8,0,8,1
"2826",15,0,15,1
"2827",5,0,5,1
"2828",8,0,8,1
"2829",8,0,8,1
"2830",5,0,5,1
"2831",8,0,8,1
"2832",6,0,6,1
"2833",3,0,3,1
"2834",5,0,5,1
"2835",6,0,6,1
"2836",6,0,6,1
"2837",5,0,5,1
"2838",11,0,11,1
"2839",8,0,8,1
"2840",6,0,6,1
"2841",6,0,6,1
"2842",14,0,14,1
"2843",5,0,5,1
"2844",2,0,2,1
"2845",15,0,15,1
"2846",19,0,19,1
"2847",15,0,6,0
"2848",8,0,8,1
"2849",19,0,19,1
"2850",6,0,6,1
"2851",9,0,9,1
"2852",8,0,8,1
"2853",4,0,4,1
"2854",5,0,6,0
"2855",8,0,8,1
"2856",19,0,19,1
"2857",13,0,13,1
"2858",19,0,19,1
"2859",15,0,15,1
"2860",6,0,6,1
"2861",5,0,5,1
"2862",17,0,17,1
"2863",6,0,6,1
"2864",13,0,13,1
"2865",17,0,17,1
"2866",15,0,15,1
"2867",19,0,19,1
"2868",8,0,8,1
"2869",5,0,5,1
"2870",6,0,6,1
"2871",4,0,4,1
"2872",5,0,5,1
"2873",5,0,6,0
"2874",8,0,8,1
"2875",5,0,6,0
"2876",6,0,6,1
"2877",6,0,6,1
"2878",5,0,5,1
"2879",6,0,6,1
"2880",19,0,19,1
"2881",19,0,19,1
"2882",17,0,17,1
"2883",5,0,5,1
"2884",19,0,19,1
"2885",6,0,6,1
"2886",19,0,19,1
"2887",5,0,5,1
"2888",6,0,6,1
"2889",11,0,11,1
"2890",19,0,19,1
"2891",5,0,7,0
"2892",17,0,17,1
"2893",5,0,5,1
"2894",19,0,19,1
"2895",5,0,5,1
"2896",19,0,19,1
"2897",9,0,7,0
"2898",7,0,7,1
"2899",5,0,5,1
"2900",19,0,19,1
"2901",7,0,7,1
"2902",12,0,12,1
"2903",19,0,19,1
"2904",17,0,19,0
"2905",5,0,5,1
"2906",19,0,17,0
"2907",7,0,7,1
"2908",5,0,7,0
"2909",5,0,5,1
"2910",6,0,6,1
"2911",7,0,7,1
"2912",19,0,19,1
"2913",7,0,7,1
"2914",19,0,19,1
"2915",18,0,18,1
"2916",12,0,12,1
"2917",12,0,12,1
"2918",19,0,17,0
"2919",7,0,7,1
"2920",19,0,19,1
"2921",19,0,19,1
"2922",13,0,13,1
"2923",19,0,19,1
"2924",7,0,7,1
"2925",2,0,2,1
"2926",19,0,19,1
"2927",11,0,11,1
"2928",7,0,7,1
"2929",19,0,19,1
"2930",5,0,5,1
"2931",13,0,13,1
"2932",19,0,19,1
"2933",7,0,7,1
"2934",19,0,17,0
"2935",7,0,7,1
"2936",19,0,19,1
"2937",5,0,5,1
"2938",2,0,2,1
"2939",12,0,12,1
"2940",13,0,13,1
"2941",17,0,17,1
"2942",19,0,19,1
"2943",6,0,19,0
"2944",18,0,18,1
"2945",19,0,19,1
"2946",5,0,5,1
"2947",12,0,12,1
"2948",17,0,17,1
"2949",7,0,7,1
"2950",19,0,19,1
"2951",7,0,7,1
"2952",5,0,5,1
"2953",5,0,5,1
"2954",18,0,18,1
"2955",12,0,12,1
"2956",19,0,19,1
"2957",13,0,13,1
"2958",19,0,19,1
"2959",12,0,12,1
"2960",7,0,7,1
"2961",19,0,19,1
"2962",14,0,14,1
"2963",5,0,5,1
"2964",13,0,13,1
"2965",16,0,16,1
"2966",19,0,19,1
"2967",10,0,19,0
"2968",12,0,12,1
"2969",7,0,7,1
"2970",16,0,16,1
"2971",5,0,5,1
"2972",8,0,8,1
"2973",19,0,19,1
"2974",5,0,5,1
"2975",11,0,11,1
"2976",19,0,5,0
"2977",19,0,19,1
"2978",7,0,7,1
"2979",10,0,10,1
"2980",16,0,16,1
"2981",19,0,19,1
"2982",19,0,19,1
"2983",7,0,7,1
"2984",8,0,8,1
"2985",8,0,8,1
"2986",19,0,19,1
"2987",11,0,11,1
"2988",19,0,19,1
"2989",7,0,7,1
"2990",2,0,2,1
"2991",19,0,19,1
"2992",19,0,19,1
"2993",4,0,4,1
"2994",11,0,11,1
"2995",12,0,12,1
"2996",19,0,19,1
"2997",19,0,19,1
"2998",7,0,7,1
"2999",4,0,4,1
"3000",16,0,16,1
"3001",19,0,19,1
"3002",13,0,13,1
"3003",5,0,5,1
"3004",19,0,19,1
"3005",5,0,5,1
"3006",16,0,16,1
"3007",15,0,19,0
"3008",19,0,19,1
"3009",19,0,19,1
"3010",19,0,19,1
"3011",19,0,19,1
"3012",5,0,19,0
"3013",8,0,8,1
"3014",19,0,19,1
"3015",19,0,19,1
"3016",6,0,6,1
"3017",19,0,19,1
"3018",5,0,5,1
"3019",4,0,4,1
"3020",19,0,19,1
"3021",19,0,19,1
"3022",19,0,19,1
"3023",19,0,19,1
"3024",10,0,10,1
"3025",19,0,19,1
"3026",5,0,5,1
"3027",19,0,19,1
"3028",8,0,8,1
"3029",4,0,4,1
"3030",13,0,13,1
"3031",10,0,19,0
"3032",19,0,19,1
"3033",19,0,19,1
"3034",19,0,19,1
"3035",19,0,19,1
"3036",19,0,19,1
"3037",19,0,19,1
"3038",19,0,5,0
"3039",19,0,19,1
"3040",6,0,6,1
"3041",4,0,4,1
"3042",13,0,13,1
"3043",19,0,19,1
"3044",17,0,13,0
"3045",6,0,6,1
"3046",3,0,3,1
"3047",3,0,3,1
"3048",13,0,13,1
"3049",14,0,14,1
"3050",3,0,3,1
"3051",13,0,13,1
"3052",2,0,2,1
"3053",13,0,13,1
"3054",19,0,19,1
"3055",2,0,3,0
"3056",13,0,13,1
"3057",7,0,7,1
"3058",8,0,8,1
"3059",13,0,13,1
"3060",8,0,8,1
"3061",12,0,12,1
"3062",13,0,14,0
"3063",3,0,3,1
"3064",3,0,3,1
"3065",13,0,13,1
"3066",9,0,9,1
"3067",13,0,13,1
"3068",6,0,6,1
"3069",15,0,15,1
"3070",13,0,13,1
"3071",13,0,13,1
"3072",13,0,13,1
"3073",13,0,13,1
"3074",7,0,7,1
"3075",15,0,15,1
"3076",19,0,19,1
"3077",13,0,14,0
"3078",2,0,2,1
"3079",13,0,14,0
"3080",8,0,8,1
"3081",2,0,2,1
"3082",4,0,4,1
"3083",12,0,12,1
"3084",3,0,3,1
"3085",13,0,13,1
"3086",13,0,13,1
"3087",8,0,8,1
"3088",8,0,8,1
"3089",18,0,18,1
"3090",9,0,8,0
"3091",13,0,13,1
"3092",7,0,7,1
"3093",2,0,2,1
"3094",13,0,13,1
"3095",13,0,13,1
"3096",15,0,15,1
"3097",13,0,14,0
"3098",9,0,9,1
"3099",17,0,13,0
"3100",7,0,7,1
"3101",3,0,3,1
"3102",13,0,13,1
"3103",13,0,13,1
"3104",7,0,7,1
"3105",4,0,4,1
"3106",17,0,17,1
"3107",13,0,13,1
"3108",9,0,9,1
"3109",8,0,8,1
"3110",6,0,6,1
"3111",13,0,13,1
"3112",3,0,3,1
"3113",13,0,13,1
"3114",4,0,3,0
"3115",8,0,8,1
"3116",13,0,13,1
"3117",4,0,3,0
"3118",13,0,13,1
"3119",13,0,13,1
"3120",3,0,3,1
"3121",14,0,14,1
"3122",19,0,19,1
"3123",2,0,2,1
"3124",19,0,19,1
"3125",8,0,19,0
"3126",14,0,14,1
"3127",14,0,14,1
"3128",5,0,5,1
"3129",2,0,2,1
"3130",2,0,2,1
"3131",13,0,13,1
"3132",2,0,2,1
"3133",2,0,2,1
"3134",19,0,19,1
"3135",2,0,2,1
"3136",19,0,19,1
"3137",18,0,18,1
"3138",19,0,19,1
"3139",19,0,19,1
"3140",19,0,19,1
"3141",14,0,14,1
"3142",2,0,2,1
"3143",13,0,13,1
"3144",2,0,2,1
"3145",14,0,14,1
"3146",2,0,2,1
"3147",14,0,14,1
"3148",2,0,2,1
"3149",14,0,14,1
"3150",19,0,19,1
"3151",19,0,19,1
"3152",11,0,11,1
"3153",19,0,19,1
"3154",14,0,14,1
"3155",19,0,19,1
"3156",19,0,19,1
"3157",2,0,2,1
"3158",3,0,19,0
"3159",14,0,14,1
"3160",14,0,14,1
"3161",19,0,19,1
"3162",19,0,19,1
"3163",2,0,2,1
"3164",2,0,2,1
"3165",2,0,2,1
"3166",14,0,14,1
"3167",18,0,18,1
"3168",18,0,18,1
"3169",2,0,2,1
"3170",2,0,2,1
"3171",19,0,13,0
"3172",19,0,19,1
"3173",19,0,19,1
"3174",14,0,14,1
"3175",19,0,19,1
"3176",2,0,2,1
"3177",18,0,18,1
"3178",14,0,14,1
"3179",2,0,2,1
"3180",2,0,2,1
"3181",17,0,17,1
"3182",18,0,18,1
"3183",2,0,2,1
"3184",2,0,2,1
"3185",14,0,14,1
"3186",19,0,13,0
"3187",14,0,14,1
"3188",19,0,19,1
"3189",13,0,13,1
"3190",19,0,19,1
"3191",17,0,17,1
"3192",14,0,14,1
"3193",5,0,19,0
"3194",19,0,19,1
"3195",14,0,14,1
"3196",18,0,19,0
"3197",3,0,3,1
"3198",2,0,2,1
"3199",2,0,2,1
"3200",14,0,14,1
"3201",14,0,14,1
"3202",14,0,14,1
"3203",13,0,13,1
"3204",9,0,9,1
"3205",18,0,18,1
"3206",18,0,18,1
"3207",14,0,14,1
"3208",14,0,14,1
"3209",15,0,15,1
"3210",14,0,14,1
"3211",2,0,2,1
"3212",14,0,14,1
"3213",14,0,14,1
"3214",2,0,2,1
"3215",18,0,18,1
"3216",14,0,14,1
"3217",14,0,18,0
"3218",14,0,14,1
"3219",14,0,14,1
"3220",17,0,17,1
"3221",14,0,14,1
"3222",15,0,15,1
"3223",2,0,2,1
"3224",14,0,14,1
"3225",14,0,14,1
"3226",17,0,17,1
"3227",13,0,13,1
"3228",18,0,18,1
"3229",14,0,14,1
"3230",11,0,11,1
"3231",15,0,15,1
"3232",14,0,14,1
"3233",16,0,16,1
"3234",14,0,14,1
"3235",11,0,14,0
"3236",15,0,15,1
"3237",19,0,19,1
"3238",4,0,4,1
"3239",14,0,14,1
"3240",14,0,14,1
"3241",5,0,5,1
"3242",15,0,15,1
"3243",14,0,14,1
"3244",15,0,15,1
"3245",14,0,14,1
"3246",14,0,14,1
"3247",14,0,14,1
"3248",2,0,2,1
"3249",18,0,18,1
"3250",14,0,14,1
"3251",14,0,14,1
"3252",2,0,2,1
"3253",18,0,18,1
"3254",15,0,15,1
"3255",18,0,18,1
"3256",15,0,15,1
"3257",14,0,14,1
"3258",14,0,14,1
"3259",18,0,14,0
"3260",14,0,14,1
"3261",15,0,15,1
"3262",5,0,5,1
"3263",14,0,14,1
"3264",5,0,5,1
"3265",13,0,13,1
"3266",14,0,14,1
"3267",14,0,14,1
"3268",13,0,13,1
"3269",5,0,5,1
"3270",2,0,2,1
"3271",15,0,15,1
"3272",14,0,18,0
"3273",2,0,2,1
"3274",14,0,14,1
"3275",17,0,17,1
"3276",18,0,18,1
"3277",17,0,17,1
"3278",2,0,2,1
"3279",14,0,14,1
"3280",14,0,14,1
"3281",16,0,16,1
"3282",16,0,16,1
"3283",2,0,2,1
"3284",19,0,19,1
"3285",3,0,3,1
"3286",12,0,12,1
"3287",16,0,16,1
"3288",10,0,10,1
"3289",10,0,10,1
"3290",12,0,12,1
"3291",12,0,12,1
"3292",12,0,12,1
"3293",12,0,12,1
"3294",14,0,14,1
"3295",2,0,2,1
"3296",2,0,2,1
"3297",12,0,16,0
"3298",12,0,12,1
"3299",19,0,19,1
"3300",18,0,12,0
"3301",12,0,12,1
"3302",2,0,2,1
"3303",12,0,12,1
"3304",19,0,12,0
"3305",10,0,10,1
"3306",12,0,12,1
"3307",12,0,12,1
"3308",7,0,7,1
"3309",2,0,2,1
"3310",9,0,9,1
"3311",12,0,12,1
"3312",12,0,12,1
"3313",3,0,3,1
"3314",12,0,12,1
"3315",2,0,2,1
"3316",12,0,12,1
"3317",16,0,16,1
"3318",19,0,19,1
"3319",12,0,16,0
"3320",14,0,14,1
"3321",16,0,14,0
"3322",10,0,10,1
"3323",14,0,14,1
"3324",17,0,17,1
"3325",13,0,13,1
"3326",12,0,12,1
"3327",18,0,18,1
"3328",12,0,12,1
"3329",12,0,12,1
"3330",5,0,5,1
"3331",9,0,9,1
"3332",18,0,18,1
"3333",12,0,12,1
"3334",14,0,14,1
"3335",13,0,13,1
"3336",14,0,14,1
"3337",2,0,2,1
"3338",14,0,14,1
"3339",13,0,13,1
"3340",10,0,10,1
"3341",12,0,12,1
"3342",12,0,12,1
"3343",12,0,12,1
"3344",19,0,19,1
"3345",16,0,16,1
"3346",9,0,9,1
"3347",16,0,12,0
"3348",13,0,13,1
"3349",7,0,7,1
"3350",18,0,18,1
"3351",18,0,18,1
"3352",10,0,10,1
"3353",17,0,17,1
"3354",9,0,9,1
"3355",4,0,2,0
"3356",14,0,14,1
"3357",16,0,16,1
"3358",2,0,2,1
"3359",12,0,12,1
"3360",12,0,12,1
"3361",6,0,6,1
"3362",6,0,6,1
"3363",14,0,14,1
"3364",10,0,10,1
"3365",10,0,10,1
"3366",8,0,8,1
"3367",17,0,17,1
"3368",10,0,10,1
"3369",17,0,17,1
"3370",9,0,9,1
"3371",2,0,2,1
"3372",2,0,2,1
"3373",6,0,6,1
"3374",16,0,16,1
"3375",18,0,18,1
"3376",15,0,15,1
"3377",14,0,4,0
"3378",17,0,17,1
"3379",4,0,4,1
"3380",19,0,19,1
"3381",2,0,2,1
"3382",5,0,5,1
"3383",14,0,4,0
"3384",2,0,2,1
"3385",4,0,4,1
"3386",14,0,14,1
"3387",14,0,14,1
"3388",4,0,4,1
"3389",14,0,14,1
"3390",6,0,6,1
"3391",18,0,18,1
"3392",10,0,10,1
"3393",4,0,4,1
"3394",10,0,10,1
"3395",14,0,14,1
"3396",17,0,17,1
"3397",19,0,19,1
"3398",2,0,2,1
"3399",16,0,16,1
"3400",10,0,10,1
"3401",14,0,14,1
"3402",2,0,2,1
"3403",17,0,17,1
"3404",14,0,14,1
"3405",14,0,14,1
"3406",6,0,6,1
"3407",18,0,18,1
"3408",4,0,4,1
"3409",14,0,14,1
"3410",14,0,14,1
"3411",14,0,14,1
"3412",6,0,6,1
"3413",14,0,14,1
"3414",17,0,17,1
"3415",14,0,14,1
"3416",14,0,14,1
"3417",8,0,8,1
"3418",2,0,2,1
"3419",14,0,14,1
"3420",4,0,4,1
"3421",18,0,18,1
"3422",13,0,13,1
"3423",4,0,4,1
"3424",8,0,8,1
"3425",16,0,16,1
"3426",6,0,6,1
"3427",2,0,2,1
"3428",6,0,6,1
"3429",4,0,4,1
"3430",17,0,17,1
"3431",2,0,2,1
"3432",18,0,18,1
"3433",8,0,4,0
"3434",4,0,4,1
"3435",10,0,10,1
"3436",8,0,8,1
"3437",4,0,4,1
"3438",4,0,4,1
"3439",10,0,10,1
"3440",4,0,14,0
"3441",2,0,2,1
"3442",2,0,2,1
"3443",11,0,17,0
"3444",14,0,14,1
"3445",17,0,17,1
"3446",12,0,17,0
"3447",2,0,2,1
"3448",19,0,19,1
"3449",5,0,5,1
"3450",11,0,11,1
"3451",3,0,2,0
"3452",14,0,14,1
"3453",2,0,2,1
"3454",11,0,11,1
"3455",11,0,11,1
"3456",12,0,12,1
"3457",11,0,11,1
"3458",8,0,9,0
"3459",16,0,16,1
"3460",5,0,5,1
"3461",11,0,17,0
"3462",11,0,11,1
"3463",9,0,9,1
"3464",11,0,11,1
"3465",2,0,2,1
"3466",17,0,17,1
"3467",2,0,2,1
"3468",2,0,2,1
"3469",2,0,2,1
"3470",11,0,17,0
"3471",17,0,17,1
"3472",6,0,6,1
"3473",17,0,17,1
"3474",2,0,2,1
"3475",8,0,8,1
"3476",2,0,2,1
"3477",18,0,18,1
"3478",2,0,2,1
"3479",15,0,15,1
"3480",2,0,2,1
"3481",17,0,17,1
"3482",2,0,2,1
"3483",2,0,2,1
"3484",11,0,11,1
"3485",6,0,6,1
"3486",13,0,13,1
"3487",10,0,10,1
"3488",8,0,9,0
"3489",2,0,2,1
"3490",2,0,2,1
"3491",17,0,17,1
"3492",6,0,6,1
"3493",11,0,11,1
"3494",2,0,2,1
"3495",2,0,2,1
"3496",18,0,18,1
"3497",2,0,2,1
"3498",17,0,17,1
"3499",19,0,19,1
"3500",11,0,11,1
"3501",11,0,11,1
"3502",2,0,2,1
"3503",2,0,2,1
"3504",10,0,10,1
"3505",11,0,11,1
"3506",19,0,19,1
"3507",11,0,11,1
"3508",2,0,2,1
"3509",5,0,5,1
"3510",2,0,2,1
"3511",3,0,2,0
"3512",5,0,5,1
"3513",2,0,2,1
"3514",2,0,2,1
"3515",10,0,10,1
"3516",18,0,17,0
"3517",12,0,12,1
"3518",2,0,2,1
"3519",11,0,17,0
"3520",2,0,2,1
"3521",5,0,8,0
"3522",11,0,12,0
"3523",7,0,7,1
"3524",8,0,8,1
"3525",10,0,10,1
"3526",14,0,14,1
"3527",15,0,15,1
"3528",7,0,7,1
"3529",10,0,10,1
"3530",16,0,16,1
"3531",11,0,11,1
"3532",7,0,7,1
"3533",5,0,5,1
"3534",16,0,16,1
"3535",8,0,8,1
"3536",2,0,2,1
"3537",12,0,12,1
"3538",8,0,8,1
"3539",15,0,15,1
"3540",4,0,5,0
"3541",12,0,12,1
"3542",2,0,2,1
"3543",2,0,2,1
"3544",5,0,5,1
"3545",7,0,7,1
"3546",5,0,5,1
"3547",7,0,7,1
"3548",18,0,18,1
"3549",2,0,2,1
"3550",5,0,5,1
"3551",16,0,16,1
"3552",16,0,16,1
"3553",8,0,8,1
"3554",17,0,18,0
"3555",5,0,5,1
"3556",15,0,15,1
"3557",15,0,15,1
"3558",7,0,7,1
"3559",11,0,11,1
"3560",8,0,8,1
"3561",2,0,2,1
"3562",16,0,16,1
"3563",2,0,2,1
"3564",8,0,8,1
"3565",16,0,16,1
"3566",2,0,2,1
"3567",2,0,2,1
"3568",2,0,2,1
"3569",2,0,2,1
"3570",14,0,14,1
"3571",16,0,16,1
"3572",8,0,8,1
"3573",7,0,7,1
"3574",7,0,7,1
"3575",14,0,14,1
"3576",8,0,8,1
"3577",8,0,8,1
"3578",16,0,8,0
"3579",2,0,2,1
"3580",14,0,14,1
"3581",15,0,15,1
"3582",2,0,2,1
"3583",7,0,7,1
"3584",2,0,2,1
"3585",14,0,14,1
"3586",18,0,18,1
"3587",7,0,7,1
"3588",11,0,11,1
"3589",2,0,2,1
"3590",7,0,7,1
"3591",2,0,2,1
"3592",16,0,16,1
"3593",15,0,15,1
"3594",15,0,15,1
"3595",2,0,2,1
"3596",15,0,15,1
"3597",2,0,2,1
"3598",15,0,15,1
"3599",2,0,2,1
"3600",7,0,7,1
"3601",2,0,2,1
"3602",11,0,11,1
"3603",2,0,2,1
"3604",4,0,4,1
"3605",6,0,7,0
"3606",2,0,2,1
"3607",8,0,8,1
"3608",16,0,16,1
"3609",4,0,4,1
"3610",2,0,2,1
"3611",8,0,8,1
"3612",2,0,2,1
"3613",16,0,16,1
"3614",5,0,5,1
"3615",6,0,6,1
"3616",2,0,2,1
"3617",4,0,4,1
"3618",8,0,8,1
"3619",4,0,4,1
"3620",5,0,5,1
"3621",4,0,4,1
"3622",2,0,2,1
"3623",5,0,5,1
"3624",14,0,14,1
"3625",3,0,3,1
"3626",7,0,7,1
"3627",2,0,2,1
"3628",2,0,2,1
"3629",19,0,19,1
"3630",5,0,5,1
"3631",2,0,2,1
"3632",2,0,2,1
"3633",4,0,4,1
"3634",2,0,2,1
"3635",2,0,2,1
"3636",2,0,2,1
"3637",19,0,19,1
"3638",8,0,8,1
"3639",11,0,11,1
"3640",4,0,4,1
"3641",16,0,16,1
"3642",2,0,2,1
"3643",2,0,2,1
"3644",2,0,2,1
"3645",11,0,11,1
"3646",4,0,4,1
"3647",4,0,4,1
"3648",8,0,2,0
"3649",7,0,2,0
"3650",19,0,19,1
"3651",2,0,2,1
"3652",10,0,10,1
"3653",2,0,2,1
"3654",11,0,11,1
"3655",2,0,2,1
"3656",16,0,16,1
"3657",5,0,5,1
"3658",2,0,2,1
"3659",14,0,14,1
"3660",2,0,2,1
"3661",16,0,16,1
"3662",2,0,4,0
"3663",2,0,2,1
"3664",14,0,14,1
"3665",2,0,2,1
"3666",2,0,4,0
"3667",4,0,4,1
"3668",2,0,2,1
"3669",16,0,16,1
"3670",2,0,2,1
"3671",2,0,2,1
"3672",6,0,6,1
"3673",2,0,4,0
"3674",4,0,4,1
"3675",4,0,4,1
"3676",4,0,4,1
"3677",19,0,19,1
"3678",4,0,4,1
"3679",2,0,2,1
"3680",16,0,16,1
"3681",2,0,2,1
"3682",16,0,16,1
"3683",3,0,3,1
"3684",13,0,13,1
"3685",3,0,3,1
"3686",2,0,2,1
"3687",15,0,15,1
"3688",15,0,15,1
"3689",3,0,3,1
"3690",15,0,15,1
"3691",3,0,3,1
"3692",11,0,11,1
"3693",15,0,15,1
"3694",12,0,12,1
"3695",16,0,16,1
"3696",9,0,9,1
"3697",3,0,3,1
"3698",16,0,16,1
"3699",15,0,15,1
"3700",15,0,15,1
"3701",15,0,15,1
"3702",15,0,15,1
"3703",16,0,16,1
"3704",2,0,2,1
"3705",11,0,16,0
"3706",15,0,15,1
"3707",15,0,15,1
"3708",15,0,15,1
"3709",16,0,16,1
"3710",5,0,5,1
"3711",2,0,2,1
"3712",15,0,15,1
"3713",12,0,12,1
"3714",3,0,3,1
"3715",15,0,15,1
"3716",12,0,12,1
"3717",15,0,15,1
"3718",15,0,15,1
"3719",15,0,15,1
"3720",3,0,3,1
"3721",3,0,3,1
"3722",15,0,15,1
"3723",16,0,16,1
"3724",15,0,15,1
"3725",9,0,9,1
"3726",2,0,2,1
"3727",15,0,15,1
"3728",12,0,12,1
"3729",2,0,2,1
"3730",15,0,15,1
"3731",16,0,16,1
"3732",16,0,16,1
"3733",3,0,3,1
"3734",3,0,3,1
"3735",15,0,15,1
"3736",19,0,16,0
"3737",15,0,15,1
"3738",15,0,15,1
"3739",3,0,3,1
"3740",2,0,2,1
"3741",8,0,8,1
"3742",15,0,15,1
"3743",15,0,15,1
"3744",12,0,12,1
"3745",15,0,15,1
"3746",15,0,15,1
"3747",9,0,9,1
"3748",15,0,15,1
"3749",16,0,16,1
"3750",12,0,12,1
"3751",19,0,19,1
"3752",15,0,15,1
"3753",15,0,15,1
"3754",16,0,16,1
"3755",15,0,15,1
"3756",15,0,15,1
"3757",3,0,3,1
"3758",16,0,16,1
"3759",15,0,15,1
"3760",3,0,3,1
"3761",11,0,11,1
"3762",16,0,16,1
"3763",19,0,19,1
"3764",9,0,9,1
"3765",18,0,18,1
"3766",11,0,11,1
"3767",11,0,11,1
"3768",7,0,7,1
"3769",9,0,9,1
"3770",11,0,11,1
"3771",11,0,11,1
"3772",19,0,19,1
"3773",11,0,11,1
"3774",16,0,16,1
"3775",7,0,7,1
"3776",13,0,13,1
"3777",18,0,7,0
"3778",16,0,16,1
"3779",16,0,16,1
"3780",16,0,16,1
"3781",2,0,2,1
"3782",19,0,19,1
"3783",7,0,7,1
"3784",4,0,4,1
"3785",4,0,4,1
"3786",6,0,7,0
"3787",18,0,18,1
"3788",4,0,4,1
"3789",7,0,7,1
"3790",18,0,18,1
"3791",8,0,8,1
"3792",19,0,19,1
"3793",4,0,7,0
"3794",17,0,17,1
"3795",13,0,13,1
"3796",11,0,11,1
"3797",18,0,18,1
"3798",7,0,7,1
"3799",4,0,4,1
"3800",11,0,11,1
"3801",19,0,19,1
"3802",16,0,16,1
"3803",18,0,18,1
"3804",19,0,19,1
"3805",4,0,4,1
"3806",11,0,11,1
"3807",10,0,10,1
"3808",16,0,16,1
"3809",18,0,18,1
"3810",7,0,7,1
"3811",7,0,16,0
"3812",7,0,7,1
"3813",4,0,4,1
"3814",11,0,11,1
"3815",4,0,4,1
"3816",13,0,13,1
"3817",6,0,6,1
"3818",7,0,7,1
"3819",11,0,11,1
"3820",11,0,11,1
"3821",7,0,7,1
"3822",4,0,4,1
"3823",17,0,17,1
"3824",18,0,18,1
"3825",15,0,16,0
"3826",16,0,16,1
"3827",19,0,19,1
"3828",18,0,18,1
"3829",18,0,7,0
"3830",19,0,19,1
"3831",4,0,4,1
"3832",11,0,11,1
"3833",16,0,16,1
"3834",10,0,7,0
"3835",18,0,18,1
"3836",13,0,13,1
"3837",19,0,19,1
"3838",11,0,11,1
"3839",16,0,16,1
"3840",18,0,18,1
"3841",8,0,8,1
"3842",14,0,14,1
"3843",2,0,2,1
"3844",14,0,14,1
"3845",17,0,17,1
"3846",7,0,7,1
"3847",2,0,2,1
"3848",19,0,19,1
"3849",2,0,2,1
"3850",2,0,2,1
"3851",3,0,3,1
"3852",8,0,8,1
"3853",17,0,17,1
"3854",6,0,6,1
"3855",14,0,14,1
"3856",2,0,2,1
"3857",7,0,7,1
"3858",14,0,14,1
"3859",2,0,2,1
"3860",7,0,7,1
"3861",6,0,6,1
"3862",17,0,17,1
"3863",17,0,17,1
"3864",14,0,14,1
"3865",19,0,19,1
"3866",2,0,2,1
"3867",7,0,14,0
"3868",2,0,2,1
"3869",14,0,14,1
"3870",6,0,6,1
"3871",7,0,7,1
"3872",6,0,6,1
"3873",4,0,4,1
"3874",12,0,14,0
"3875",17,0,17,1
"3876",14,0,14,1
"3877",8,0,8,1
"3878",2,0,2,1
"3879",7,0,14,0
"3880",8,0,8,1
"3881",2,0,2,1
"3882",14,0,14,1
"3883",7,0,7,1
"3884",11,0,11,1
"3885",6,0,6,1
"3886",7,0,7,1
"3887",4,0,4,1
"3888",3,0,3,1
"3889",19,0,19,1
"3890",2,0,2,1
"3891",8,0,8,1
"3892",7,0,7,1
"3893",17,0,17,1
"3894",17,0,14,0
"3895",6,0,6,1
"3896",2,0,2,1
"3897",2,0,2,1
"3898",14,0,14,1
"3899",7,0,7,1
"3900",2,0,2,1
"3901",13,0,13,1
"3902",17,0,17,1
"3903",8,0,8,1
"3904",8,0,8,1
"3905",10,0,8,0
"3906",8,0,8,1
"3907",15,0,15,1
"3908",2,0,2,1
"3909",14,0,14,1
"3910",7,0,7,1
"3911",12,0,14,0
"3912",8,0,8,1
"3913",8,0,8,1
"3914",2,0,2,1
"3915",14,0,14,1
"3916",7,0,7,1
"3917",8,0,8,1
"3918",13,0,13,1
"3919",2,0,2,1
"3920",14,0,14,1
"3921",15,0,15,1
"3922",2,0,2,1
"3923",16,0,16,1
"3924",2,0,2,1
"3925",9,0,9,1
"3926",14,0,14,1
"3927",8,0,8,1
"3928",9,0,9,1
"3929",19,0,19,1
"3930",2,0,2,1
"3931",4,0,4,1
"3932",19,0,19,1
"3933",4,0,4,1
"3934",14,0,14,1
"3935",2,0,2,1
"3936",16,0,16,1
"3937",16,0,16,1
"3938",16,0,16,1
"3939",2,0,2,1
"3940",2,0,2,1
"3941",16,0,16,1
"3942",2,0,2,1
"3943",8,0,8,1
"3944",8,0,8,1
"3945",19,0,19,1
"3946",4,0,2,0
"3947",8,0,8,1
"3948",16,0,16,1
"3949",8,0,8,1
"3950",19,0,19,1
"3951",16,0,16,1
"3952",4,0,4,1
"3953",2,0,2,1
"3954",16,0,16,1
"3955",2,0,2,1
"3956",2,0,2,1
"3957",2,0,2,1
"3958",4,0,4,1
"3959",8,0,8,1
"3960",2,0,2,1
"3961",2,0,2,1
"3962",14,0,14,1
"3963",19,0,19,1
"3964",2,0,2,1
"3965",16,0,16,1
"3966",16,0,16,1
"3967",15,0,15,1
"3968",2,0,2,1
"3969",19,0,14,0
"3970",2,0,2,1
"3971",14,0,14,1
"3972",16,0,16,1
"3973",16,0,16,1
"3974",13,0,13,1
"3975",14,0,19,0
"3976",4,0,4,1
"3977",2,0,2,1
"3978",16,0,16,1
"3979",2,0,2,1
"3980",14,0,14,1
"3981",16,0,16,1
"3982",16,0,16,1
"3983",15,0,19,0
"3984",19,0,19,1
"3985",19,0,19,1
"3986",2,0,2,1
"3987",7,0,7,1
"3988",16,0,16,1
"3989",15,0,15,1
"3990",2,0,2,1
"3991",4,0,4,1
"3992",2,0,2,1
"3993",14,0,14,1
"3994",2,0,2,1
"3995",2,0,2,1
"3996",19,0,19,1
"3997",2,0,2,1
"3998",14,0,14,1
"3999",16,0,16,1
"4000",19,0,19,1
"4001",9,0,9,1
"4002",17,0,17,1
"4003",9,0,9,1
"4004",9,0,9,1
"4005",9,0,17,0
"4006",17,0,17,1
"4007",9,0,9,1
"4008",19,0,19,1
"4009",9,0,9,1
"4010",17,0,17,1
"4011",17,0,17,1
"4012",17,0,17,1
"4013",17,0,17,1
"4014",4,0,6,0
"4015",17,0,17,1
"4016",9,0,9,1
"4017",9,0,9,1
"4018",9,0,9,1
"4019",9,0,17,0
"4020",9,0,9,1
"4021",14,0,14,1
"4022",9,0,9,1
"4023",2,0,2,1
"4024",17,0,9,0
"4025",19,0,19,1
"4026",13,0,13,1
"4027",17,0,17,1
"4028",19,0,19,1
"4029",10,0,10,1
"4030",9,0,9,1
"4031",9,0,9,1
"4032",4,0,4,1
"4033",9,0,9,1
"4034",19,0,19,1
"4035",15,0,13,0
"4036",17,0,17,1
"4037",4,0,6,0
"4038",19,0,19,1
"4039",14,0,14,1
"4040",17,0,17,1
"4041",14,0,9,0
"4042",9,0,9,1
"4043",19,0,9,0
"4044",9,0,9,1
"4045",10,0,10,1
"4046",19,0,19,1
"4047",6,0,6,1
"4048",9,0,9,1
"4049",9,0,9,1
"4050",9,0,9,1
"4051",13,0,13,1
"4052",17,0,17,1
"4053",17,0,17,1
"4054",17,0,17,1
"4055",8,0,8,1
"4056",8,0,8,1
"4057",9,0,9,1
"4058",9,0,9,1
"4059",9,0,9,1
"4060",17,0,17,1
"4061",9,0,9,1
"4062",9,0,17,0
"4063",17,0,17,1
"4064",17,0,17,1
"4065",17,0,17,1
"4066",5,0,4,0
"4067",9,0,9,1
"4068",17,0,17,1
"4069",9,0,9,1
"4070",9,0,9,1
"4071",9,0,9,1
"4072",6,0,6,1
"4073",9,0,9,1
"4074",9,0,9,1
"4075",9,0,9,1
"4076",7,0,7,1
"4077",9,0,9,1
"4078",4,0,4,1
"4079",9,0,9,1
"4080",9,0,17,0
"4081",16,0,3,0
"4082",9,0,9,1
"4083",16,0,16,1
"4084",15,0,15,1
"4085",3,0,3,1
"4086",3,0,3,1
"4087",14,0,14,1
"4088",3,0,16,0
"4089",19,0,19,1
"4090",19,0,19,1
"4091",10,0,9,0
"4092",16,0,16,1
"4093",3,0,3,1
"4094",11,0,11,1
"4095",16,0,16,1
"4096",3,0,3,1
"4097",15,0,15,1
"4098",3,0,3,1
"4099",4,0,4,1
"4100",15,0,15,1
"4101",17,0,17,1
"4102",3,0,3,1
"4103",12,0,12,1
"4104",2,0,3,0
"4105",16,0,16,1
"4106",15,0,15,1
"4107",8,0,3,0
"4108",3,0,3,1
"4109",4,0,4,1
"4110",6,0,7,0
"4111",16,0,16,1
"4112",3,0,3,1
"4113",3,0,16,0
"4114",17,0,17,1
"4115",12,0,3,0
"4116",3,0,3,1
"4117",8,0,3,0
"4118",4,0,2,0
"4119",8,0,3,0
"4120",19,0,19,1
"4121",6,0,6,1
"4122",11,0,9,0
"4123",8,0,8,1
"4124",16,0,16,1
"4125",16,0,16,1
"4126",17,0,17,1
"4127",17,0,3,0
"4128",10,0,10,1
"4129",17,0,17,1
"4130",17,0,17,1
"4131",19,0,19,1
"4132",19,0,19,1
"4133",19,0,19,1
"4134",3,0,3,1
"4135",3,0,3,1
"4136",11,0,11,1
"4137",16,0,16,1
"4138",12,0,12,1
"4139",3,0,3,1
"4140",3,0,3,1
"4141",9,0,9,1
"4142",9,0,9,1
"4143",16,0,16,1
"4144",19,0,19,1
"4145",12,0,12,1
"4146",12,0,12,1
"4147",3,0,3,1
"4148",4,0,4,1
"4149",19,0,19,1
"4150",9,0,9,1
"4151",16,0,16,1
"4152",16,0,16,1
"4153",3,0,3,1
"4154",17,0,17,1
"4155",16,0,16,1
"4156",17,0,17,1
"4157",16,0,16,1
"4158",3,0,3,1
"4159",3,0,3,1
"4160",2,0,2,1
"4161",4,0,4,1
"4162",8,0,8,1
"4163",15,0,15,1
"4164",2,0,2,1
"4165",5,0,5,1
"4166",11,0,11,1
"4167",15,0,17,0
"4168",4,0,4,1
"4169",13,0,13,1
"4170",17,0,17,1
"4171",13,0,13,1
"4172",2,0,2,1
"4173",17,0,17,1
"4174",18,0,17,0
"4175",17,0,17,1
"4176",8,0,8,1
"4177",5,0,5,1
"4178",3,0,3,1
"4179",5,0,5,1
"4180",5,0,5,1
"4181",2,0,2,1
"4182",8,0,8,1
"4183",17,0,17,1
"4184",18,0,18,1
"4185",17,0,17,1
"4186",16,0,16,1
"4187",5,0,5,1
"4188",13,0,13,1
"4189",17,0,17,1
"4190",5,0,5,1
"4191",3,0,3,1
"4192",13,0,13,1
"4193",7,0,7,1
"4194",14,0,14,1
"4195",13,0,13,1
"4196",13,0,13,1
"4197",17,0,17,1
"4198",13,0,13,1
"4199",3,0,3,1
"4200",13,0,13,1
"4201",4,0,4,1
"4202",17,0,17,1
"4203",5,0,5,1
"4204",17,0,17,1
"4205",5,0,5,1
"4206",13,0,13,1
"4207",3,0,3,1
"4208",4,0,4,1
"4209",11,0,11,1
"4210",13,0,13,1
"4211",4,0,4,1
"4212",13,0,13,1
"4213",17,0,17,1
"4214",17,0,17,1
"4215",13,0,13,1
"4216",17,0,17,1
"4217",4,0,4,1
"4218",13,0,13,1
"4219",5,0,5,1
"4220",11,0,11,1
"4221",17,0,17,1
"4222",18,0,18,1
"4223",2,0,2,1
"4224",13,0,13,1
"4225",17,0,17,1
"4226",3,0,3,1
"4227",4,0,4,1
"4228",5,0,5,1
"4229",11,0,11,1
"4230",3,0,3,1
"4231",13,0,13,1
"4232",13,0,13,1
"4233",13,0,13,1
"4234",5,0,5,1
"4235",13,0,13,1
"4236",5,0,5,1
"4237",5,0,5,1
"4238",3,0,3,1
"4239",12,0,12,1
"4240",4,0,4,1
"4241",5,0,5,1
"4242",15,0,15,1
"4243",10,0,10,1
"4244",15,0,15,1
"4245",15,0,17,0
"4246",2,0,2,1
"4247",15,0,17,0
"4248",15,0,15,1
"4249",11,0,10,0
"4250",15,0,15,1
"4251",15,0,15,1
"4252",15,0,15,1
"4253",15,0,15,1
"4254",15,0,15,1
"4255",17,0,17,1
"4256",4,0,4,1
"4257",13,0,13,1
"4258",17,0,17,1
"4259",17,0,17,1
"4260",15,0,15,1
"4261",13,0,13,1
"4262",19,0,19,1
"4263",10,0,10,1
"4264",19,0,19,1
"4265",10,0,10,1
"4266",15,0,15,1
"4267",3,0,3,1
"4268",3,0,5,0
"4269",2,0,2,1
"4270",15,0,15,1
"4271",15,0,15,1
"4272",19,0,19,1
"4273",15,0,15,1
"4274",15,0,15,1
"4275",15,0,15,1
"4276",3,0,3,1
"4277",19,0,19,1
"4278",19,0,19,1
"4279",10,0,10,1
"4280",18,0,18,1
"4281",17,0,17,1
"4282",9,0,9,1
"4283",4,0,4,1
"4284",10,0,10,1
"4285",7,0,7,1
"4286",15,0,15,1
"4287",15,0,15,1
"4288",4,0,4,1
"4289",19,0,19,1
"4290",4,0,4,1
"4291",15,0,15,1
"4292",17,0,17,1
"4293",17,0,17,1
"4294",17,0,17,1
"4295",10,0,10,1
"4296",15,0,15,1
"4297",11,0,11,1
"4298",19,0,19,1
"4299",10,0,10,1
"4300",17,0,17,1
"4301",19,0,19,1
"4302",16,0,17,0
"4303",15,0,15,1
"4304",18,0,18,1
"4305",9,0,9,1
"4306",2,0,2,1
"4307",8,0,8,1
"4308",17,0,17,1
"4309",10,0,10,1
"4310",15,0,15,1
"4311",15,0,15,1
"4312",5,0,5,1
"4313",17,0,17,1
"4314",15,0,15,1
"4315",15,0,15,1
"4316",15,0,15,1
"4317",17,0,17,1
"4318",17,0,17,1
"4319",3,0,3,1
"4320",10,0,10,1
"4321",9,0,9,1
"4322",3,0,3,1
"4323",5,0,5,1
"4324",5,0,5,1
"4325",9,0,9,1
"4326",9,0,9,1
"4327",8,0,8,1
"4328",9,0,9,1
"4329",9,0,9,1
"4330",5,0,5,1
"4331",7,0,7,1
"4332",3,0,7,0
"4333",6,0,6,1
"4334",3,0,3,1
"4335",19,0,19,1
"4336",5,0,5,1
"4337",5,0,5,1
"4338",5,0,5,1
"4339",3,0,3,1
"4340",7,0,7,1
"4341",9,0,9,1
"4342",5,0,5,1
"4343",14,0,14,1
"4344",3,0,3,1
"4345",7,0,7,1
"4346",9,0,9,1
"4347",6,0,5,0
"4348",4,0,5,0
"4349",18,0,18,1
"4350",3,0,3,1
"4351",8,0,8,1
"4352",6,0,5,0
"4353",19,0,19,1
"4354",19,0,19,1
"4355",9,0,9,1
"4356",8,0,8,1
"4357",9,0,9,1
"4358",7,0,5,0
"4359",9,0,9,1
"4360",9,0,9,1
"4361",5,0,5,1
"4362",11,0,11,1
"4363",10,0,10,1
"4364",11,0,11,1
"4365",11,0,11,1
"4366",5,0,5,1
"4367",3,0,3,1
"4368",9,0,9,1
"4369",3,0,3,1
"4370",7,0,7,1
"4371",10,0,10,1
"4372",5,0,5,1
"4373",3,0,3,1
"4374",18,0,18,1
"4375",5,0,5,1
"4376",2,0,5,0
"4377",5,0,5,1
"4378",3,0,3,1
"4379",5,0,5,1
"4380",3,0,3,1
"4381",7,0,7,1
"4382",5,0,5,1
"4383",5,0,5,1
"4384",9,0,9,1
"4385",14,0,14,1
"4386",9,0,9,1
"4387",5,0,5,1
"4388",7,0,7,1
"4389",6,0,6,1
"4390",3,0,3,1
"4391",3,0,3,1
"4392",5,0,5,1
"4393",9,0,9,1
"4394",14,0,14,1
"4395",14,0,14,1
"4396",5,0,5,1
"4397",5,0,5,1
"4398",11,0,11,1
"4399",5,0,5,1
"4400",4,0,5,0
"4401",2,0,2,1
"4402",5,0,5,1
"4403",17,0,17,1
"4404",10,0,10,1
"4405",2,0,2,1
"4406",5,0,5,1
"4407",17,0,17,1
"4408",14,0,14,1
"4409",15,0,15,1
"4410",2,0,2,1
"4411",15,0,15,1
"4412",5,0,5,1
"4413",5,0,5,1
"4414",10,0,10,1
"4415",5,0,5,1
"4416",9,0,9,1
"4417",15,0,15,1
"4418",17,0,17,1
"4419",14,0,14,1
"4420",5,0,5,1
"4421",4,0,4,1
"4422",15,0,15,1
"4423",2,0,2,1
"4424",4,0,4,1
"4425",9,0,9,1
"4426",2,0,2,1
"4427",8,0,8,1
"4428",2,0,2,1
"4429",3,0,3,1
"4430",3,0,3,1
"4431",5,0,5,1
"4432",16,0,16,1
"4433",17,0,17,1
"4434",15,0,15,1
"4435",16,0,16,1
"4436",16,0,2,0
"4437",17,0,17,1
"4438",15,0,15,1
"4439",2,0,2,1
"4440",2,0,2,1
"4441",17,0,17,1
"4442",17,0,17,1
"4443",17,0,17,1
"4444",2,0,2,1
"4445",8,0,8,1
"4446",5,0,5,1
"4447",2,0,15,0
"4448",10,0,10,1
"4449",16,0,16,1
"4450",2,0,2,1
"4451",5,0,5,1
"4452",17,0,17,1
"4453",8,0,8,1
"4454",13,0,2,0
"4455",15,0,15,1
"4456",10,0,10,1
"4457",15,0,15,1
"4458",4,0,4,1
"4459",2,0,2,1
"4460",5,0,5,1
"4461",13,0,13,1
"4462",4,0,4,1
"4463",17,0,17,1
"4464",10,0,10,1
"4465",17,0,17,1
"4466",15,0,15,1
"4467",17,0,17,1
"4468",17,0,17,1
"4469",2,0,2,1
"4470",4,0,4,1
"4471",17,0,17,1
"4472",5,0,5,1
"4473",2,0,2,1
"4474",17,0,17,1
"4475",17,0,17,1
"4476",17,0,17,1
"4477",2,0,2,1
"4478",15,0,15,1
"4479",15,0,15,1
"4480",15,0,15,1
"4481",17,0,17,1
"4482",17,0,17,1
"4483",7,0,7,1
"4484",12,0,12,1
"4485",17,0,17,1
"4486",17,0,17,1
"4487",9,0,9,1
"4488",7,0,7,1
"4489",9,0,9,1
"4490",8,0,8,1
"4491",3,0,3,1
"4492",7,0,7,1
"4493",16,0,16,1
"4494",9,0,9,1
"4495",7,0,7,1
"4496",13,0,13,1
"4497",9,0,9,1
"4498",17,0,17,1
"4499",9,0,9,1
"4500",9,0,9,1
"4501",7,0,7,1
"4502",9,0,9,1
"4503",19,0,17,0
"4504",7,0,7,1
"4505",9,0,9,1
"4506",8,0,8,1
"4507",7,0,7,1
"4508",17,0,17,1
"4509",9,0,9,1
"4510",17,0,17,1
"4511",17,0,17,1
"4512",17,0,17,1
"4513",17,0,17,1
"4514",17,0,17,1
"4515",17,0,17,1
"4516",17,0,17,1
"4517",17,0,17,1
"4518",7,0,7,1
"4519",17,0,17,1
"4520",17,0,17,1
"4521",7,0,7,1
"4522",17,0,17,1
"4523",17,0,17,1
"4524",9,0,9,1
"4525",8,0,8,1
"4526",13,0,13,1
"4527",17,0,17,1
"4528",17,0,17,1
"4529",17,0,17,1
"4530",9,0,9,1
"4531",12,0,12,1
"4532",17,0,17,1
"4533",9,0,9,1
"4534",17,0,17,1
"4535",7,0,7,1
"4536",17,0,17,1
"4537",7,0,7,1
"4538",17,0,17,1
"4539",17,0,17,1
"4540",17,0,17,1
"4541",3,0,3,1
"4542",17,0,17,1
"4543",17,0,17,1
"4544",9,0,9,1
"4545",17,0,17,1
"4546",7,0,7,1
"4547",8,0,8,1
"4548",17,0,17,1
"4549",7,0,7,1
"4550",9,0,9,1
"4551",9,0,9,1
"4552",3,0,3,1
"4553",17,0,17,1
"4554",17,0,17,1
"4555",17,0,17,1
"4556",9,0,9,1
"4557",17,0,17,1
"4558",3,0,3,1
"4559",17,0,17,1
"4560",0,0,17,0
"4561",18,0,17,0
"4562",9,0,9,1
"4563",8,0,8,1
"4564",3,0,3,1
"4565",9,0,9,1
"4566",19,0,19,1
"4567",5,0,5,1
"4568",19,0,19,1
"4569",15,0,15,1
"4570",3,0,3,1
"4571",19,0,19,1
"4572",7,0,7,1
"4573",10,0,10,1
"4574",19,0,19,1
"4575",7,0,7,1
"4576",19,0,19,1
"4577",19,0,19,1
"4578",10,0,10,1
"4579",18,0,18,1
"4580",9,0,9,1
"4581",17,0,19,0
"4582",19,0,19,1
"4583",19,0,19,1
"4584",19,0,19,1
"4585",4,0,4,1
"4586",19,0,19,1
"4587",19,0,19,1
"4588",19,0,19,1
"4589",19,0,19,1
"4590",19,0,19,1
"4591",8,0,8,1
"4592",8,0,8,1
"4593",8,0,8,1
"4594",5,0,5,1
"4595",2,0,2,1
"4596",10,0,10,1
"4597",19,0,19,1
"4598",3,0,3,1
"4599",19,0,19,1
"4600",19,0,19,1
"4601",10,0,10,1
"4602",8,0,8,1
"4603",4,0,4,1
"4604",7,0,7,1
"4605",19,0,19,1
"4606",6,0,6,1
"4607",7,0,7,1
"4608",8,0,10,0
"4609",7,0,7,1
"4610",19,0,19,1
"4611",3,0,3,1
"4612",19,0,19,1
"4613",7,0,7,1
"4614",4,0,4,1
"4615",19,0,19,1
"4616",9,0,9,1
"4617",8,0,10,0
"4618",9,0,19,0
"4619",19,0,19,1
"4620",7,0,7,1
"4621",19,0,19,1
"4622",19,0,19,1
"4623",17,0,17,1
"4624",8,0,8,1
"4625",19,0,19,1
"4626",7,0,7,1
"4627",7,0,7,1
"4628",8,0,8,1
"4629",19,0,19,1
"4630",19,0,19,1
"4631",19,0,19,1
"4632",3,0,19,0
"4633",6,0,4,0
"4634",7,0,7,1
"4635",18,0,18,1
"4636",19,0,19,1
"4637",11,0,10,0
"4638",19,0,19,1
"4639",19,0,19,1
"4640",4,0,4,1
"4641",2,0,2,1
"4642",10,0,10,1
"4643",11,0,11,1
"4644",4,0,4,1
"4645",4,0,4,1
"4646",5,0,5,1
"4647",13,0,13,1
"4648",14,0,14,1
"4649",3,0,3,1
"4650",7,0,7,1
"4651",13,0,13,1
"4652",17,0,17,1
"4653",17,0,17,1
"4654",11,0,11,1
"4655",3,0,3,1
"4656",4,0,4,1
"4657",5,0,4,0
"4658",13,0,13,1
"4659",11,0,11,1
"4660",7,0,7,1
"4661",16,0,16,1
"4662",13,0,13,1
"4663",13,0,13,1
"4664",13,0,13,1
"4665",7,0,7,1
"4666",17,0,17,1
"4667",4,0,4,1
"4668",4,0,4,1
"4669",5,0,5,1
"4670",3,0,3,1
"4671",16,0,16,1
"4672",4,0,4,1
"4673",16,0,16,1
"4674",13,0,13,1
"4675",11,0,4,0
"4676",4,0,4,1
"4677",17,0,17,1
"4678",14,0,14,1
"4679",5,0,5,1
"4680",5,0,5,1
"4681",13,0,13,1
"4682",5,0,5,1
"4683",8,0,8,1
"4684",16,0,16,1
"4685",14,0,14,1
"4686",12,0,12,1
"4687",13,0,13,1
"4688",4,0,4,1
"4689",4,0,4,1
"4690",11,0,11,1
"4691",12,0,12,1
"4692",16,0,16,1
"4693",4,0,4,1
"4694",11,0,11,1
"4695",11,0,4,0
"4696",3,0,3,1
"4697",11,0,11,1
"4698",4,0,11,0
"4699",14,0,14,1
"4700",13,0,13,1
"4701",5,0,5,1
"4702",4,0,4,1
"4703",15,0,15,1
"4704",3,0,5,0
"4705",16,0,16,1
"4706",5,0,5,1
"4707",13,0,13,1
"4708",13,0,13,1
"4709",4,0,11,0
"4710",11,0,4,0
"4711",13,0,13,1
"4712",5,0,5,1
"4713",6,0,6,1
"4714",14,0,14,1
"4715",11,0,11,1
"4716",4,0,4,1
"4717",17,0,17,1
"4718",3,0,4,0
"4719",4,0,4,1
"4720",16,0,16,1
"4721",5,0,4,0
"4722",10,0,10,1
"4723",13,0,13,1
"4724",10,0,10,1
"4725",11,0,11,1
"4726",11,0,11,1
"4727",4,0,4,1
"4728",2,0,2,1
"4729",4,0,4,1
"4730",18,0,18,1
"4731",11,0,11,1
"4732",3,0,3,1
"4733",2,0,2,1
"4734",13,0,13,1
"4735",3,0,2,0
"4736",11,0,11,1
"4737",11,0,11,1
"4738",11,0,11,1
"4739",3,0,3,1
"4740",2,0,2,1
"4741",11,0,11,1
"4742",11,0,11,1
"4743",18,0,10,0
"4744",11,0,11,1
"4745",12,0,12,1
"4746",11,0,11,1
"4747",11,0,11,1
"4748",8,0,8,1
"4749",3,0,3,1
"4750",2,0,2,1
"4751",8,0,8,1
"4752",11,0,11,1
"4753",11,0,11,1
"4754",10,0,10,1
"4755",11,0,11,1
"4756",11,0,11,1
"4757",11,0,11,1
"4758",18,0,18,1
"4759",11,0,11,1
"4760",3,0,2,0
"4761",2,0,2,1
"4762",11,0,11,1
"4763",10,0,10,1
"4764",8,0,8,1
"4765",10,0,10,1
"4766",18,0,18,1
"4767",3,0,3,1
"4768",18,0,18,1
"4769",11,0,11,1
"4770",10,0,10,1
"4771",12,0,12,1
"4772",4,0,4,1
"4773",5,0,5,1
"4774",11,0,11,1
"4775",11,0,11,1
"4776",13,0,13,1
"4777",13,0,10,0
"4778",11,0,11,1
"4779",8,0,8,1
"4780",11,0,11,1
"4781",11,0,11,1
"4782",5,0,3,0
"4783",10,0,10,1
"4784",13,0,13,1
"4785",2,0,2,1
"4786",13,0,13,1
"4787",11,0,11,1
"4788",11,0,11,1
"4789",8,0,10,0
"4790",11,0,11,1
"4791",10,0,10,1
"4792",3,0,3,1
"4793",12,0,12,1
"4794",4,0,4,1
"4795",16,0,16,1
"4796",8,0,8,1
"4797",11,0,11,1
"4798",4,0,4,1
"4799",11,0,11,1
"4800",11,0,11,1
"4801",11,0,11,1
"4802",10,0,10,1
"4803",9,0,10,0
"4804",19,0,19,1
"4805",4,0,4,1
"4806",17,0,16,0
"4807",13,0,13,1
"4808",2,0,2,1
"4809",16,0,16,1
"4810",2,0,2,1
"4811",5,0,5,1
"4812",7,0,7,1
"4813",16,0,16,1
"4814",11,0,11,1
"4815",14,0,14,1
"4816",19,0,19,1
"4817",16,0,16,1
"4818",13,0,13,1
"4819",10,0,10,1
"4820",16,0,16,1
"4821",5,0,5,1
"4822",10,0,10,1
"4823",8,0,8,1
"4824",5,0,5,1
"4825",5,0,5,1
"4826",10,0,10,1
"4827",7,0,7,1
"4828",16,0,16,1
"4829",11,0,11,1
"4830",6,0,6,1
"4831",16,0,16,1
"4832",16,0,16,1
"4833",2,0,2,1
"4834",16,0,16,1
"4835",5,0,5,1
"4836",16,0,16,1
"4837",12,0,12,1
"4838",10,0,10,1
"4839",7,0,7,1
"4840",10,0,10,1
"4841",7,0,7,1
"4842",5,0,5,1
"4843",3,0,3,1
"4844",16,0,16,1
"4845",16,0,16,1
"4846",10,0,10,1
"4847",19,0,19,1
"4848",5,0,5,1
"4849",16,0,16,1
"4850",16,0,16,1
"4851",7,0,7,1
"4852",10,0,10,1
"4853",12,0,12,1
"4854",3,0,3,1
"4855",16,0,16,1
"4856",4,0,4,1
"4857",2,0,2,1
"4858",2,0,2,1
"4859",16,0,16,1
"4860",5,0,5,1
"4861",5,0,5,1
"4862",16,0,16,1
"4863",16,0,16,1
"4864",16,0,16,1
"4865",10,0,10,1
"4866",16,0,16,1
"4867",16,0,16,1
"4868",19,0,10,0
"4869",10,0,10,1
"4870",13,0,13,1
"4871",16,0,16,1
"4872",2,0,2,1
"4873",12,0,12,1
"4874",13,0,13,1
"4875",2,0,2,1
"4876",14,0,14,1
"4877",5,0,5,1
"4878",16,0,16,1
"4879",10,0,5,0
"4880",3,0,3,1
"4881",13,0,13,1
"4882",2,0,2,1
"4883",4,0,4,1
"4884",11,0,11,1
"4885",8,0,8,1
"4886",9,0,14,0
"4887",19,0,19,1
"4888",9,0,9,1
"4889",16,0,16,1
"4890",19,0,19,1
"4891",11,0,11,1
"4892",9,0,9,1
"4893",11,0,11,1
"4894",7,0,7,1
"4895",14,0,14,1
"4896",8,0,8,1
"4897",8,0,8,1
"4898",8,0,8,1
"4899",4,0,4,1
"4900",11,0,11,1
"4901",2,0,2,1
"4902",18,0,18,1
"4903",11,0,11,1
"4904",14,0,14,1
"4905",11,0,11,1
"4906",8,0,8,1
"4907",8,0,8,1
"4908",8,0,8,1
"4909",14,0,14,1
"4910",14,0,8,0
"4911",8,0,14,0
"4912",14,0,14,1
"4913",11,0,11,1
"4914",11,0,11,1
"4915",11,0,11,1
"4916",15,0,15,1
"4917",19,0,19,1
"4918",19,0,19,1
"4919",4,0,4,1
"4920",11,0,11,1
"4921",11,0,11,1
"4922",10,0,11,0
"4923",11,0,11,1
"4924",3,0,3,1
"4925",4,0,4,1
"4926",14,0,14,1
"4927",4,0,4,1
"4928",9,0,9,1
"4929",6,0,14,0
"4930",4,0,4,1
"4931",4,0,4,1
"4932",5,0,7,0
"4933",11,0,11,1
"4934",11,0,11,1
"4935",9,0,9,1
"4936",9,0,9,1
"4937",19,0,19,1
"4938",19,0,19,1
"4939",6,0,6,1
"4940",11,0,11,1
"4941",4,0,4,1
"4942",6,0,6,1
"4943",17,0,17,1
"4944",11,0,11,1
"4945",11,0,11,1
"4946",8,0,8,1
"4947",2,0,2,1
"4948",11,0,11,1
"4949",8,0,8,1
"4950",8,0,14,0
"4951",15,0,15,1
"4952",14,0,14,1
"4953",4,0,4,1
"4954",19,0,19,1
"4955",16,0,16,1
"4956",9,0,9,1
"4957",15,0,15,1
"4958",6,0,6,1
"4959",14,0,8,0
"4960",8,0,8,1
"4961",19,0,19,1
"4962",7,0,7,1
"4963",18,0,18,1
"4964",7,0,7,1
"4965",2,0,2,1
"4966",18,0,18,1
"4967",7,0,7,1
"4968",3,0,3,1
"4969",19,0,19,1
"4970",16,0,16,1
"4971",11,0,11,1
"4972",19,0,19,1
"4973",18,0,18,1
"4974",16,0,16,1
"4975",7,0,7,1
"4976",18,0,18,1
"4977",18,0,18,1
"4978",7,0,7,1
"4979",7,0,7,1
"4980",18,0,18,1
"4981",18,0,18,1
"4982",2,0,2,1
"4983",2,0,2,1
"4984",16,0,16,1
"4985",19,0,19,1
"4986",18,0,18,1
"4987",14,0,12,0
"4988",3,0,3,1
"4989",18,0,18,1
"4990",3,0,3,1
"4991",16,0,16,1
"4992",19,0,19,1
"4993",2,0,2,1
"4994",16,0,16,1
"4995",7,0,7,1
"4996",7,0,7,1
"4997",18,0,18,1
"4998",18,0,18,1
"4999",18,0,18,1
"5000",2,0,2,1
"5001",7,0,7,1
"5002",18,0,19,0
"5003",2,0,2,1
"5004",3,0,3,1
"5005",18,0,18,1
"5006",12,0,12,1
"5007",7,0,7,1
"5008",18,0,18,1
"5009",14,0,18,0
"5010",7,0,7,1
"5011",19,0,19,1
"5012",18,0,18,1
"5013",7,0,7,1
"5014",19,0,19,1
"5015",13,0,12,0
"5016",16,0,16,1
"5017",7,0,7,1
"5018",8,0,8,1
"5019",19,0,19,1
"5020",7,0,7,1
"5021",7,0,7,1
"5022",2,0,2,1
"5023",7,0,7,1
"5024",18,0,18,1
"5025",2,0,2,1
"5026",7,0,7,1
"5027",18,0,18,1
"5028",13,0,13,1
"5029",18,0,18,1
"5030",3,0,3,1
"5031",7,0,7,1
"5032",18,0,18,1
"5033",18,0,18,1
"5034",18,0,18,1
"5035",7,0,7,1
"5036",18,0,18,1
"5037",7,0,7,1
"5038",18,0,18,1
"5039",7,0,7,1
"5040",3,0,3,1
"5041",7,0,7,1
"5042",2,0,2,1
"5043",6,0,6,1
"5044",11,0,11,1
"5045",3,0,9,0
"5046",9,0,9,1
"5047",18,0,18,1
"5048",18,0,18,1
"5049",9,0,9,1
"5050",18,0,18,1
"5051",9,0,9,1
"5052",3,0,3,1
"5053",18,0,18,1
"5054",3,0,9,0
"5055",3,0,3,1
"5056",13,0,13,1
"5057",3,0,3,1
"5058",3,0,9,0
"5059",3,0,3,1
"5060",16,0,16,1
"5061",3,0,3,1
"5062",18,0,18,1
"5063",7,0,5,0
"5064",4,0,4,1
"5065",5,0,5,1
"5066",2,0,2,1
"5067",3,0,3,1
"5068",2,0,2,1
"5069",2,0,2,1
"5070",2,0,2,1
"5071",2,0,2,1
"5072",2,0,2,1
"5073",6,0,3,0
"5074",17,0,17,1
"5075",19,0,19,1
"5076",18,0,18,1
"5077",3,0,3,1
"5078",2,0,2,1
"5079",2,0,2,1
"5080",3,0,3,1
"5081",2,0,2,1
"5082",3,0,3,1
"5083",2,0,2,1
"5084",3,0,3,1
"5085",3,0,3,1
"5086",11,0,11,1
"5087",9,0,9,1
"5088",2,0,2,1
"5089",3,0,3,1
"5090",16,0,16,1
"5091",4,0,4,1
"5092",6,0,6,1
"5093",10,0,12,0
"5094",17,0,17,1
"5095",9,0,9,1
"5096",13,0,13,1
"5097",9,0,9,1
"5098",6,0,6,1
"5099",3,0,3,1
"5100",3,0,3,1
"5101",18,0,18,1
"5102",9,0,9,1
"5103",19,0,19,1
"5104",2,0,2,1
"5105",4,0,4,1
"5106",18,0,18,1
"5107",12,0,12,1
"5108",13,0,13,1
"5109",17,0,17,1
"5110",3,0,3,1
"5111",2,0,2,1
"5112",13,0,13,1
"5113",18,0,18,1
"5114",4,0,4,1
"5115",3,0,3,1
"5116",13,0,13,1
"5117",3,0,3,1
"5118",2,0,2,1
"5119",17,0,17,1
"5120",2,0,2,1
"5121",4,0,4,1
"5122",19,0,19,1
"5123",12,0,10,0
"5124",2,0,2,1
"5125",18,0,18,1
"5126",2,0,2,1
"5127",2,0,2,1
"5128",2,0,2,1
"5129",2,0,2,1
"5130",18,0,18,1
"5131",2,0,2,1
"5132",18,0,18,1
"5133",6,0,6,1
"5134",10,0,10,1
"5135",17,0,18,0
"5136",18,0,18,1
"5137",2,0,2,1
"5138",19,0,19,1
"5139",11,0,10,0
"5140",15,0,15,1
"5141",18,0,18,1
"5142",14,0,14,1
"5143",19,0,19,1
"5144",10,0,10,1
"5145",18,0,18,1
"5146",2,0,2,1
"5147",19,0,19,1
"5148",18,0,18,1
"5149",9,0,9,1
"5150",2,0,2,1
"5151",10,0,10,1
"5152",2,0,2,1
"5153",19,0,19,1
"5154",18,0,18,1
"5155",13,0,13,1
"5156",18,0,18,1
"5157",10,0,10,1
"5158",10,0,10,1
"5159",7,0,9,0
"5160",18,0,19,0
"5161",10,0,10,1
"5162",18,0,19,0
"5163",2,0,2,1
"5164",2,0,2,1
"5165",17,0,17,1
"5166",2,0,2,1
"5167",18,0,18,1
"5168",10,0,10,1
"5169",2,0,2,1
"5170",17,0,17,1
"5171",18,0,18,1
"5172",9,0,9,1
"5173",19,0,19,1
"5174",2,0,2,1
"5175",18,0,18,1
"5176",2,0,2,1
"5177",2,0,2,1
"5178",13,0,13,1
"5179",9,0,9,1
"5180",14,0,14,1
"5181",2,0,2,1
"5182",2,0,2,1
"5183",2,0,2,1
"5184",18,0,18,1
"5185",18,0,18,1
"5186",13,0,13,1
"5187",2,0,2,1
"5188",18,0,18,1
"5189",13,0,13,1
"5190",2,0,2,1
"5191",10,0,10,1
"5192",14,0,14,1
"5193",2,0,2,1
"5194",13,0,13,1
"5195",2,0,2,1
"5196",18,0,18,1
"5197",13,0,13,1
"5198",13,0,13,1
"5199",14,0,14,1
"5200",13,0,13,1
"5201",2,0,2,1
"5202",17,0,17,1
"5203",13,0,13,1
"5204",9,0,9,1
"5205",9,0,9,1
"5206",17,0,17,1
"5207",17,0,17,1
"5208",13,0,9,0
"5209",5,0,5,1
"5210",17,0,17,1
"5211",13,0,13,1
"5212",9,0,8,0
"5213",8,0,8,1
"5214",17,0,17,1
"5215",5,0,5,1
"5216",17,0,17,1
"5217",17,0,17,1
"5218",17,0,17,1
"5219",17,0,17,1
"5220",2,0,2,1
"5221",17,0,17,1
"5222",17,0,17,1
"5223",9,0,9,1
"5224",4,0,4,1
"5225",6,0,6,1
"5226",9,0,9,1
"5227",6,0,6,1
"5228",10,0,10,1
"5229",17,0,17,1
"5230",17,0,17,1
"5231",9,0,9,1
"5232",14,0,14,1
"5233",9,0,9,1
"5234",9,0,9,1
"5235",19,0,17,0
"5236",17,0,17,1
"5237",9,0,9,1
"5238",10,0,10,1
"5239",9,0,9,1
"5240",17,0,17,1
"5241",9,0,9,1
"5242",17,0,17,1
"5243",9,0,9,1
"5244",2,0,9,0
"5245",17,0,17,1
"5246",8,0,8,1
"5247",17,0,17,1
"5248",9,0,9,1
"5249",16,0,16,1
"5250",17,0,17,1
"5251",2,0,2,1
"5252",9,0,9,1
"5253",9,0,9,1
"5254",13,0,13,1
"5255",17,0,17,1
"5256",17,0,17,1
"5257",17,0,17,1
"5258",4,0,4,1
"5259",6,0,5,0
"5260",17,0,17,1
"5261",2,0,2,1
"5262",17,0,17,1
"5263",17,0,17,1
"5264",2,0,2,1
"5265",5,0,5,1
"5266",17,0,17,1
"5267",17,0,17,1
"5268",9,0,9,1
"5269",9,0,9,1
"5270",9,0,9,1
"5271",17,0,17,1
"5272",17,0,17,1
"5273",17,0,17,1
"5274",17,0,17,1
"5275",17,0,17,1
"5276",17,0,17,1
"5277",10,0,10,1
"5278",5,0,5,1
"5279",17,0,17,1
"5280",17,0,17,1
"5281",8,0,8,1
"5282",12,0,12,1
"5283",17,0,17,1
"5284",3,0,3,1
"5285",18,0,18,1
"5286",12,0,12,1
"5287",3,0,12,0
"5288",12,0,12,1
"5289",3,0,3,1
"5290",7,0,7,1
"5291",13,0,13,1
"5292",5,0,5,1
"5293",15,0,15,1
"5294",14,0,14,1
"5295",17,0,17,1
"5296",2,0,2,1
"5297",2,0,2,1
"5298",3,0,3,1
"5299",3,0,3,1
"5300",15,0,15,1
"5301",13,0,13,1
"5302",7,0,12,0
"5303",15,0,15,1
"5304",12,0,3,0
"5305",5,0,5,1
"5306",12,0,12,1
"5307",17,0,17,1
"5308",3,0,3,1
"5309",17,0,17,1
"5310",5,0,5,1
"5311",12,0,3,0
"5312",12,0,12,1
"5313",14,0,14,1
"5314",3,0,12,0
"5315",9,0,9,1
"5316",15,0,13,0
"5317",3,0,3,1
"5318",3,0,3,1
"5319",2,0,2,1
"5320",12,0,12,1
"5321",12,0,12,1
"5322",7,0,7,1
"5323",12,0,12,1
"5324",3,0,3,1
"5325",14,0,14,1
"5326",7,0,7,1
"5327",12,0,12,1
"5328",15,0,15,1
"5329",3,0,3,1
"5330",18,0,18,1
"5331",7,0,7,1
"5332",3,0,12,0
"5333",17,0,17,1
"5334",5,0,5,1
"5335",3,0,3,1
"5336",9,0,9,1
"5337",3,0,3,1
"5338",3,0,3,1
"5339",12,0,12,1
"5340",13,0,13,1
"5341",14,0,14,1
"5342",3,0,3,1
"5343",7,0,7,1
"5344",13,0,13,1
"5345",17,0,17,1
"5346",7,0,7,1
"5347",19,0,19,1
"5348",3,0,3,1
"5349",12,0,12,1
"5350",4,0,4,1
"5351",13,0,13,1
"5352",3,0,3,1
"5353",18,0,18,1
"5354",3,0,3,1
"5355",18,0,18,1
"5356",13,0,13,1
"5357",3,0,12,0
"5358",3,0,3,1
"5359",17,0,17,1
"5360",17,0,17,1
"5361",3,0,3,1
"5362",19,0,19,1
"5363",3,0,3,1
"5364",19,0,19,1
"5365",19,0,19,1
"5366",3,0,3,1
"5367",19,0,3,0
"5368",2,0,2,1
"5369",9,0,9,1
"5370",19,0,19,1
"5371",19,0,3,0
"5372",19,0,19,1
"5373",19,0,19,1
"5374",2,0,2,1
"5375",3,0,3,1
"5376",16,0,16,1
"5377",2,0,2,1
"5378",19,0,19,1
"5379",19,0,19,1
"5380",18,0,18,1
"5381",3,0,3,1
"5382",6,0,6,1
"5383",14,0,14,1
"5384",6,0,6,1
"5385",19,0,19,1
"5386",3,0,3,1
"5387",19,0,19,1
"5388",19,0,19,1
"5389",19,0,19,1
"5390",19,0,19,1
"5391",2,0,2,1
"5392",19,0,19,1
"5393",8,0,8,1
"5394",19,0,19,1
"5395",19,0,19,1
"5396",19,0,19,1
"5397",13,0,13,1
"5398",19,0,19,1
"5399",19,0,19,1
"5400",19,0,19,1
"5401",19,0,19,1
"5402",19,0,19,1
"5403",19,0,19,1
"5404",19,0,19,1
"5405",19,0,19,1
"5406",19,0,19,1
"5407",19,0,19,1
"5408",19,0,19,1
"5409",11,0,11,1
"5410",7,0,7,1
"5411",19,0,19,1
"5412",19,0,19,1
"5413",19,0,19,1
"5414",8,0,8,1
"5415",19,0,19,1
"5416",19,0,19,1
"5417",19,0,19,1
"5418",19,0,19,1
"5419",19,0,19,1
"5420",19,0,19,1
"5421",3,0,3,1
"5422",19,0,19,1
"5423",2,0,2,1
"5424",19,0,19,1
"5425",3,0,3,1
"5426",19,0,3,0
"5427",19,0,19,1
"5428",19,0,19,1
"5429",19,0,19,1
"5430",19,0,19,1
"5431",19,0,19,1
"5432",13,0,13,1
"5433",3,0,3,1
"5434",19,0,19,1
"5435",13,0,13,1
"5436",3,0,3,1
"5437",8,0,8,1
"5438",19,0,19,1
"5439",19,0,19,1
"5440",19,0,19,1
"5441",19,0,19,1
"5442",7,0,7,1
"5443",14,0,14,1
"5444",7,0,7,1
"5445",7,0,7,1
"5446",10,0,10,1
"5447",4,0,4,1
"5448",5,0,5,1
"5449",3,0,3,1
"5450",5,0,5,1
"5451",7,0,7,1
"5452",19,0,19,1
"5453",17,0,17,1
"5454",18,0,5,0
"5455",5,0,5,1
"5456",10,0,10,1
"5457",5,0,5,1
"5458",14,0,14,1
"5459",19,0,19,1
"5460",7,0,7,1
"5461",5,0,5,1
"5462",16,0,16,1
"5463",17,0,17,1
"5464",15,0,15,1
"5465",16,0,16,1
"5466",5,0,5,1
"5467",16,0,5,0
"5468",17,0,17,1
"5469",5,0,5,1
"5470",19,0,19,1
"5471",3,0,3,1
"5472",17,0,17,1
"5473",5,0,5,1
"5474",5,0,5,1
"5475",19,0,19,1
"5476",5,0,5,1
"5477",19,0,19,1
"5478",10,0,5,0
"5479",3,0,3,1
"5480",17,0,17,1
"5481",7,0,5,0
"5482",19,0,19,1
"5483",5,0,14,0
"5484",17,0,17,1
"5485",14,0,14,1
"5486",11,0,11,1
"5487",19,0,19,1
"5488",8,0,8,1
"5489",17,0,17,1
"5490",11,0,11,1
"5491",3,0,3,1
"5492",14,0,14,1
"5493",17,0,17,1
"5494",5,0,5,1
"5495",2,0,2,1
"5496",5,0,5,1
"5497",3,0,3,1
"5498",5,0,5,1
"5499",5,0,5,1
"5500",16,0,5,0
"5501",5,0,5,1
"5502",5,0,5,1
"5503",5,0,5,1
"5504",11,0,11,1
"5505",5,0,5,1
"5506",14,0,14,1
"5507",5,0,14,0
"5508",9,0,9,1
"5509",5,0,5,1
"5510",17,0,17,1
"5511",5,0,5,1
"5512",6,0,6,1
"5513",14,0,5,0
"5514",11,0,11,1
"5515",7,0,7,1
"5516",16,0,16,1
"5517",5,0,5,1
"5518",11,0,11,1
"5519",10,0,10,1
"5520",19,0,19,1
"5521",3,0,3,1
"5522",4,0,4,1
"5523",5,0,5,1
"5524",16,0,5,0
"5525",6,0,6,1
"5526",2,0,2,1
"5527",2,0,2,1
"5528",10,0,10,1
"5529",5,0,5,1
"5530",19,0,19,1
"5531",10,0,10,1
"5532",2,0,2,1
"5533",2,0,2,1
"5534",2,0,2,1
"5535",5,0,5,1
"5536",2,0,2,1
"5537",5,0,5,1
"5538",2,0,2,1
"5539",6,0,6,1
"5540",16,0,16,1
"5541",2,0,2,1
"5542",2,0,2,1
"5543",5,0,5,1
"5544",5,0,5,1
"5545",5,0,16,0
"5546",2,0,2,1
"5547",7,0,7,1
"5548",16,0,16,1
"5549",12,0,12,1
"5550",13,0,13,1
"5551",10,0,10,1
"5552",5,0,5,1
"5553",13,0,13,1
"5554",5,0,5,1
"5555",4,0,4,1
"5556",5,0,5,1
"5557",16,0,16,1
"5558",4,0,4,1
"5559",2,0,2,1
"5560",4,0,6,0
"5561",4,0,4,1
"5562",2,0,2,1
"5563",2,0,2,1
"5564",7,0,7,1
"5565",2,0,2,1
"5566",6,0,6,1
"5567",2,0,2,1
"5568",6,0,6,1
"5569",4,0,4,1
"5570",2,0,2,1
"5571",5,0,5,1
"5572",18,0,18,1
"5573",16,0,16,1
"5574",10,0,10,1
"5575",2,0,2,1
"5576",2,0,2,1
"5577",2,0,2,1
"5578",5,0,5,1
"5579",5,0,5,1
"5580",18,0,18,1
"5581",6,0,6,1
"5582",2,0,2,1
"5583",6,0,6,1
"5584",2,0,2,1
"5585",4,0,4,1
"5586",2,0,2,1
"5587",6,0,6,1
"5588",2,0,2,1
"5589",5,0,5,1
"5590",5,0,5,1
"5591",10,0,10,1
"5592",6,0,6,1
"5593",4,0,4,1
"5594",16,0,16,1
"5595",13,0,13,1
"5596",16,0,16,1
"5597",7,0,7,1
"5598",17,0,17,1
"5599",18,0,5,0
"5600",4,0,4,1
"5601",12,0,12,1
"5602",3,0,3,1
"5603",6,0,6,1
"5604",8,0,8,1
"5605",6,0,6,1
"5606",19,0,19,1
"5607",19,0,6,0
"5608",6,0,6,1
"5609",4,0,4,1
"5610",6,0,6,1
"5611",6,0,6,1
"5612",19,0,19,1
"5613",19,0,19,1
"5614",6,0,6,1
"5615",8,0,8,1
"5616",19,0,19,1
"5617",19,0,19,1
"5618",19,0,19,1
"5619",19,0,19,1
"5620",6,0,6,1
"5621",6,0,6,1
"5622",19,0,19,1
"5623",18,0,18,1
"5624",4,0,4,1
"5625",17,0,17,1
"5626",16,0,16,1
"5627",3,0,3,1
"5628",16,0,16,1
"5629",4,0,4,1
"5630",19,0,19,1
"5631",19,0,19,1
"5632",4,0,4,1
"5633",6,0,6,1
"5634",10,0,10,1
"5635",19,0,19,1
"5636",16,0,19,0
"5637",11,0,11,1
"5638",19,0,19,1
"5639",4,0,5,0
"5640",19,0,19,1
"5641",19,0,19,1
"5642",4,0,6,0
"5643",19,0,19,1
"5644",19,0,19,1
"5645",17,0,17,1
"5646",19,0,19,1
"5647",2,0,2,1
"5648",19,0,19,1
"5649",17,0,19,0
"5650",7,0,7,1
"5651",19,0,19,1
"5652",19,0,19,1
"5653",19,0,19,1
"5654",4,0,4,1
"5655",6,0,6,1
"5656",19,0,19,1
"5657",4,0,4,1
"5658",5,0,5,1
"5659",5,0,5,1
"5660",19,0,19,1
"5661",6,0,6,1
"5662",3,0,3,1
"5663",3,0,3,1
"5664",4,0,4,1
"5665",6,0,6,1
"5666",7,0,7,1
"5667",7,0,7,1
"5668",19,0,6,0
"5669",4,0,4,1
"5670",19,0,19,1
"5671",3,0,3,1
"5672",19,0,19,1
"5673",17,0,17,1
"5674",6,0,6,1
"5675",19,0,19,1
"5676",3,0,3,1
"5677",19,0,19,1
"5678",19,0,6,0
"5679",6,0,6,1
"5680",19,0,19,1
"5681",8,0,8,1
"5682",8,0,8,1
"5683",7,0,7,1
"5684",3,0,3,1
"5685",2,0,2,1
"5686",11,0,11,1
"5687",12,0,12,1
"5688",3,0,3,1
"5689",15,0,15,1
"5690",17,0,17,1
"5691",8,0,8,1
"5692",4,0,4,1
"5693",15,0,9,0
"5694",15,0,15,1
"5695",11,0,11,1
"5696",3,0,3,1
"5697",19,0,19,1
"5698",6,0,15,0
"5699",12,0,12,1
"5700",15,0,15,1
"5701",15,0,15,1
"5702",12,0,12,1
"5703",8,0,8,1
"5704",11,0,11,1
"5705",6,0,6,1
"5706",9,0,9,1
"5707",11,0,11,1
"5708",3,0,3,1
"5709",12,0,12,1
"5710",4,0,4,1
"5711",8,0,8,1
"5712",12,0,12,1
"5713",15,0,15,1
"5714",3,0,3,1
"5715",6,0,6,1
"5716",8,0,8,1
"5717",8,0,8,1
"5718",8,0,8,1
"5719",11,0,11,1
"5720",15,0,15,1
"5721",15,0,9,0
"5722",12,0,12,1
"5723",18,0,18,1
"5724",8,0,8,1
"5725",15,0,15,1
"5726",15,0,15,1
"5727",8,0,8,1
"5728",4,0,4,1
"5729",15,0,15,1
"5730",9,0,9,1
"5731",3,0,3,1
"5732",15,0,15,1
"5733",12,0,12,1
"5734",7,0,7,1
"5735",8,0,8,1
"5736",15,0,15,1
"5737",12,0,12,1
"5738",12,0,12,1
"5739",8,0,8,1
"5740",11,0,11,1
"5741",12,0,12,1
"5742",9,0,9,1
"5743",7,0,7,1
"5744",3,0,3,1
"5745",15,0,15,1
"5746",11,0,11,1
"5747",8,0,8,1
"5748",15,0,15,1
"5749",9,0,9,1
"5750",15,0,15,1
"5751",9,0,9,1
"5752",11,0,11,1
"5753",9,0,9,1
"5754",9,0,8,0
"5755",15,0,15,1
"5756",7,0,7,1
"5757",11,0,11,1
"5758",3,0,3,1
"5759",15,0,15,1
"5760",3,0,3,1
"5761",15,0,15,1
"5762",16,0,12,0
"5763",12,0,12,1
"5764",16,0,16,1
"5765",16,0,12,0
"5766",8,0,8,1
"5767",16,0,12,0
"5768",7,0,7,1
"5769",16,0,16,1
"5770",16,0,16,1
"5771",8,0,8,1
"5772",7,0,7,1
"5773",16,0,16,1
"5774",2,0,2,1
"5775",3,0,3,1
"5776",15,0,16,0
"5777",12,0,12,1
"5778",12,0,12,1
"5779",8,0,9,0
"5780",16,0,16,1
"5781",12,0,16,0
"5782",16,0,16,1
"5783",4,0,4,1
"5784",16,0,16,1
"5785",7,0,7,1
"5786",12,0,12,1
"5787",16,0,16,1
"5788",5,0,5,1
"5789",12,0,12,1
"5790",16,0,16,1
"5791",2,0,2,1
"5792",16,0,16,1
"5793",12,0,12,1
"5794",2,0,2,1
"5795",16,0,16,1
"5796",12,0,12,1
"5797",16,0,16,1
"5798",5,0,5,1
"5799",16,0,16,1
"5800",4,0,4,1
"5801",12,0,16,0
"5802",18,0,18,1
"5803",16,0,16,1
"5804",16,0,16,1
"5805",8,0,8,1
"5806",12,0,16,0
"5807",16,0,16,1
"5808",4,0,4,1
"5809",12,0,12,1
"5810",2,0,2,1
"5811",12,0,12,1
"5812",16,0,16,1
"5813",3,0,12,0
"5814",16,0,16,1
"5815",4,0,4,1
"5816",2,0,2,1
"5817",12,0,12,1
"5818",12,0,16,0
"5819",12,0,12,1
"5820",2,0,2,1
"5821",12,0,12,1
"5822",12,0,16,0
"5823",8,0,8,1
"5824",3,0,3,1
"5825",12,0,12,1
"5826",16,0,16,1
"5827",12,0,12,1
"5828",16,0,16,1
"5829",12,0,12,1
"5830",2,0,2,1
"5831",12,0,12,1
"5832",12,0,16,0
"5833",9,0,9,1
"5834",12,0,12,1
"5835",4,0,4,1
"5836",16,0,16,1
"5837",12,0,12,1
"5838",12,0,12,1
"5839",4,0,4,1
"5840",16,0,16,1
"5841",12,0,16,0
"5842",18,0,18,1
"5843",4,0,4,1
"5844",5,0,5,1
"5845",4,0,19,0
"5846",17,0,17,1
"5847",17,0,17,1
"5848",19,0,19,1
"5849",19,0,19,1
"5850",7,0,7,1
"5851",17,0,17,1
"5852",5,0,5,1
"5853",7,0,7,1
"5854",7,0,7,1
"5855",17,0,17,1
"5856",7,0,7,1
"5857",5,0,5,1
"5858",16,0,16,1
"5859",6,0,6,1
"5860",9,0,9,1
"5861",11,0,11,1
"5862",3,0,3,1
"5863",7,0,7,1
"5864",17,0,17,1
"5865",7,0,7,1
"5866",14,0,14,1
"5867",19,0,19,1
"5868",9,0,9,1
"5869",5,0,5,1
"5870",5,0,7,0
"5871",17,0,17,1
"5872",3,0,3,1
"5873",18,0,18,1
"5874",10,0,10,1
"5875",17,0,17,1
"5876",19,0,19,1
"5877",19,0,19,1
"5878",5,0,5,1
"5879",9,0,9,1
"5880",17,0,17,1
"5881",3,0,3,1
"5882",19,0,17,0
"5883",17,0,17,1
"5884",7,0,7,1
"5885",17,0,17,1
"5886",15,0,15,1
"5887",5,0,5,1
"5888",17,0,17,1
"5889",17,0,17,1
"5890",19,0,19,1
"5891",3,0,3,1
"5892",17,0,17,1
"5893",19,0,17,0
"5894",17,0,17,1
"5895",5,0,3,0
"5896",7,0,7,1
"5897",4,0,4,1
"5898",19,0,19,1
"5899",17,0,17,1
"5900",17,0,17,1
"5901",2,0,2,1
"5902",18,0,18,1
"5903",5,0,5,1
"5904",14,0,14,1
"5905",12,0,12,1
"5906",12,0,12,1
"5907",5,0,5,1
"5908",9,0,9,1
"5909",14,0,14,1
"5910",4,0,4,1
"5911",17,0,17,1
"5912",19,0,19,1
"5913",3,0,3,1
"5914",3,0,3,1
"5915",12,0,12,1
"5916",9,0,9,1
"5917",19,0,19,1
"5918",19,0,19,1
"5919",7,0,7,1
"5920",19,0,19,1
"5921",6,0,6,1
"5922",2,0,2,1
"5923",5,0,5,1
"5924",2,0,2,1
"5925",15,0,15,1
"5926",2,0,2,1
"5927",18,0,18,1
"5928",3,0,2,0
"5929",3,0,2,0
"5930",2,0,2,1
"5931",5,0,5,1
"5932",2,0,2,1
"5933",2,0,2,1
"5934",5,0,5,1
"5935",2,0,2,1
"5936",5,0,5,1
"5937",15,0,15,1
"5938",5,0,5,1
"5939",5,0,5,1
"5940",11,0,11,1
"5941",18,0,18,1
"5942",2,0,2,1
"5943",18,0,18,1
"5944",5,0,5,1
"5945",5,0,5,1
"5946",7,0,7,1
"5947",7,0,7,1
"5948",2,0,2,1
"5949",17,0,19,0
"5950",5,0,5,1
"5951",2,0,2,1
"5952",2,0,2,1
"5953",18,0,18,1
"5954",2,0,2,1
"5955",18,0,18,1
"5956",2,0,2,1
"5957",5,0,5,1
"5958",7,0,18,0
"5959",2,0,2,1
"5960",2,0,2,1
"5961",3,0,2,0
"5962",14,0,14,1
"5963",5,0,5,1
"5964",14,0,14,1
"5965",2,0,2,1
"5966",12,0,12,1
"5967",2,0,2,1
"5968",17,0,18,0
"5969",7,0,7,1
"5970",5,0,5,1
"5971",18,0,18,1
"5972",2,0,2,1
"5973",2,0,2,1
"5974",4,0,2,0
"5975",18,0,18,1
"5976",2,0,2,1
"5977",7,0,7,1
"5978",18,0,18,1
"5979",14,0,14,1
"5980",18,0,7,0
"5981",5,0,5,1
"5982",18,0,18,1
"5983",18,0,18,1
"5984",2,0,2,1
"5985",18,0,18,1
"5986",18,0,18,1
"5987",8,0,8,1
"5988",9,0,9,1
"5989",2,0,2,1
"5990",5,0,5,1
"5991",18,0,18,1
"5992",2,0,2,1
"5993",5,0,5,1
"5994",18,0,7,0
"5995",18,0,18,1
"5996",18,0,18,1
"5997",5,0,5,1
"5998",5,0,5,1
"5999",13,0,13,1
"6000",18,0,18,1
"6001",2,0,2,1
"6002",4,0,4,1
"6003",2,0,2,1
"6004",4,0,4,1
"6005",11,0,11,1
"6006",12,0,12,1
"6007",11,0,11,1
"6008",12,0,12,1
"6009",16,0,16,1
"6010",11,0,11,1
"6011",11,0,11,1
"6012",4,0,4,1
"6013",19,0,19,1
"6014",4,0,4,1
"6015",19,0,19,1
"6016",11,0,11,1
"6017",19,0,19,1
"6018",12,0,12,1
"6019",11,0,11,1
"6020",4,0,4,1
"6021",18,0,18,1
"6022",19,0,19,1
"6023",11,0,11,1
"6024",4,0,4,1
"6025",4,0,4,1
"6026",19,0,19,1
"6027",4,0,4,1
"6028",16,0,16,1
"6029",15,0,15,1
"6030",11,0,11,1
"6031",2,0,4,0
"6032",8,0,8,1
"6033",18,0,4,0
"6034",11,0,11,1
"6035",4,0,4,1
"6036",2,0,4,0
"6037",12,0,4,0
"6038",5,0,5,1
"6039",3,0,3,1
"6040",3,0,3,1
"6041",3,0,3,1
"6042",5,0,5,1
"6043",4,0,4,1
"6044",5,0,5,1
"6045",4,0,4,1
"6046",18,0,4,0
"6047",8,0,8,1
"6048",11,0,11,1
"6049",19,0,19,1
"6050",18,0,18,1
"6051",14,0,14,1
"6052",7,0,7,1
"6053",4,0,4,1
"6054",4,0,4,1
"6055",2,0,2,1
"6056",5,0,5,1
"6057",2,0,2,1
"6058",16,0,16,1
"6059",4,0,4,1
"6060",11,0,11,1
"6061",11,0,11,1
"6062",18,0,18,1
"6063",4,0,4,1
"6064",11,0,11,1
"6065",15,0,15,1
"6066",4,0,4,1
"6067",4,0,4,1
"6068",18,0,18,1
"6069",4,0,2,0
"6070",4,0,4,1
"6071",3,0,3,1
"6072",4,0,2,0
"6073",7,0,7,1
"6074",16,0,16,1
"6075",4,0,4,1
"6076",14,0,14,1
"6077",16,0,16,1
"6078",2,0,2,1
"6079",19,0,19,1
"6080",16,0,16,1
"6081",2,0,2,1
"6082",2,0,10,0
"6083",11,0,11,1
"6084",3,0,3,1
"6085",17,0,17,1
"6086",18,0,18,1
"6087",11,0,11,1
"6088",10,0,10,1
"6089",2,0,2,1
"6090",19,0,19,1
"6091",2,0,2,1
"6092",2,0,2,1
"6093",17,0,17,1
"6094",2,0,2,1
"6095",18,0,18,1
"6096",18,0,18,1
"6097",11,0,11,1
"6098",2,0,2,1
"6099",10,0,10,1
"6100",14,0,14,1
"6101",2,0,2,1
"6102",11,0,11,1
"6103",10,0,10,1
"6104",2,0,2,1
"6105",17,0,17,1
"6106",17,0,17,1
"6107",2,0,2,1
"6108",18,0,18,1
"6109",2,0,2,1
"6110",2,0,2,1
"6111",11,0,11,1
"6112",18,0,18,1
"6113",11,0,11,1
"6114",10,0,10,1
"6115",10,0,10,1
"6116",2,0,2,1
"6117",2,0,2,1
"6118",18,0,18,1
"6119",11,0,11,1
"6120",2,0,2,1
"6121",2,0,2,1
"6122",2,0,2,1
"6123",17,0,17,1
"6124",11,0,11,1
"6125",18,0,2,0
"6126",17,0,17,1
"6127",18,0,18,1
"6128",19,0,19,1
"6129",11,0,11,1
"6130",2,0,2,1
"6131",10,0,10,1
"6132",2,0,2,1
"6133",2,0,2,1
"6134",2,0,2,1
"6135",10,0,10,1
"6136",2,0,2,1
"6137",2,0,2,1
"6138",10,0,2,0
"6139",19,0,19,1
"6140",10,0,10,1
"6141",2,0,2,1
"6142",5,0,5,1
"6143",2,0,2,1
"6144",2,0,2,1
"6145",11,0,11,1
"6146",18,0,18,1
"6147",18,0,18,1
"6148",16,0,2,0
"6149",2,0,2,1
"6150",2,0,10,0
"6151",2,0,2,1
"6152",10,0,10,1
"6153",2,0,2,1
"6154",2,0,2,1
"6155",2,0,2,1
"6156",2,0,2,1
"6157",11,0,11,1
"6158",10,0,10,1
"6159",2,0,2,1
"6160",9,0,9,1
"6161",17,0,17,1
"6162",10,0,10,1
"6163",7,0,7,1
"6164",3,0,3,1
"6165",8,0,8,1
"6166",18,0,18,1
"6167",18,0,18,1
"6168",7,0,7,1
"6169",14,0,14,1
"6170",13,0,13,1
"6171",10,0,10,1
"6172",7,0,7,1
"6173",16,0,16,1
"6174",13,0,12,0
"6175",7,0,7,1
"6176",13,0,13,1
"6177",7,0,7,1
"6178",13,0,13,1
"6179",12,0,12,1
"6180",3,0,3,1
"6181",18,0,18,1
"6182",2,0,2,1
"6183",4,0,4,1
"6184",16,0,16,1
"6185",12,0,12,1
"6186",4,0,4,1
"6187",12,0,12,1
"6188",10,0,10,1
"6189",13,0,13,1
"6190",14,0,14,1
"6191",18,0,18,1
"6192",14,0,12,0
"6193",16,0,16,1
"6194",13,0,13,1
"6195",6,0,6,1
"6196",12,0,12,1
"6197",16,0,16,1
"6198",13,0,13,1
"6199",18,0,18,1
"6200",14,0,14,1
"6201",18,0,18,1
"6202",14,0,14,1
"6203",12,0,12,1
"6204",18,0,12,0
"6205",16,0,16,1
"6206",6,0,6,1
"6207",12,0,12,1
"6208",14,0,14,1
"6209",16,0,16,1
"6210",12,0,12,1
"6211",14,0,14,1
"6212",8,0,8,1
"6213",12,0,12,1
"6214",14,0,14,1
"6215",13,0,13,1
"6216",8,0,8,1
"6217",14,0,14,1
"6218",14,0,14,1
"6219",18,0,18,1
"6220",13,0,13,1
"6221",3,0,3,1
"6222",18,0,18,1
"6223",7,0,7,1
"6224",18,0,18,1
"6225",7,0,7,1
"6226",12,0,12,1
"6227",16,0,16,1
"6228",12,0,12,1
"6229",14,0,14,1
"6230",14,0,14,1
"6231",7,0,7,1
"6232",8,0,12,0
"6233",7,0,7,1
"6234",14,0,14,1
"6235",13,0,13,1
"6236",13,0,13,1
"6237",14,0,14,1
"6238",14,0,14,1
"6239",14,0,14,1
"6240",2,0,2,1
"6241",13,0,13,1
"6242",11,0,11,1
"6243",15,0,15,1
"6244",4,0,4,1
"6245",5,0,5,1
"6246",7,0,7,1
"6247",11,0,11,1
"6248",13,0,15,0
"6249",7,0,7,1
"6250",15,0,15,1
"6251",15,0,15,1
"6252",6,0,6,1
"6253",5,0,5,1
"6254",7,0,7,1
"6255",11,0,11,1
"6256",3,0,3,1
"6257",9,0,9,1
"6258",6,0,6,1
"6259",11,0,7,0
"6260",16,0,16,1
"6261",7,0,7,1
"6262",4,0,7,0
"6263",3,0,3,1
"6264",7,0,7,1
"6265",4,0,4,1
"6266",15,0,15,1
"6267",11,0,11,1
"6268",7,0,7,1
"6269",4,0,7,0
"6270",12,0,12,1
"6271",4,0,4,1
"6272",15,0,15,1
"6273",15,0,15,1
"6274",7,0,7,1
"6275",7,0,7,1
"6276",4,0,4,1
"6277",6,0,6,1
"6278",16,0,16,1
"6279",12,0,12,1
"6280",16,0,16,1
"6281",7,0,7,1
"6282",15,0,15,1
"6283",7,0,7,1
"6284",7,0,7,1
"6285",6,0,6,1
"6286",15,0,15,1
"6287",15,0,15,1
"6288",5,0,5,1
"6289",15,0,15,1
"6290",16,0,16,1
"6291",15,0,15,1
"6292",7,0,7,1
"6293",6,0,6,1
"6294",7,0,7,1
"6295",7,0,4,0
"6296",5,0,5,1
"6297",7,0,7,1
"6298",5,0,5,1
"6299",7,0,7,1
"6300",4,0,4,1
"6301",4,0,4,1
"6302",16,0,16,1
"6303",5,0,6,0
"6304",4,0,4,1
"6305",15,0,15,1
"6306",11,0,11,1
"6307",11,0,11,1
"6308",15,0,15,1
"6309",11,0,11,1
"6310",5,0,5,1
"6311",16,0,16,1
"6312",7,0,7,1
"6313",7,0,7,1
"6314",15,0,15,1
"6315",6,0,6,1
"6316",15,0,15,1
"6317",11,0,11,1
"6318",4,0,4,1
"6319",13,0,13,1
"6320",15,0,15,1
"6321",15,0,15,1
"6322",17,0,17,1
"6323",6,0,6,1
"6324",13,0,13,1
"6325",7,0,13,0
"6326",3,0,13,0
"6327",17,0,17,1
"6328",13,0,13,1
"6329",7,0,7,1
"6330",16,0,16,1
"6331",14,0,14,1
"6332",3,0,3,1
"6333",6,0,6,1
"6334",16,0,16,1
"6335",13,0,13,1
"6336",2,0,2,1
"6337",17,0,17,1
"6338",12,0,12,1
"6339",6,0,6,1
"6340",14,0,14,1
"6341",14,0,14,1
"6342",13,0,13,1
"6343",15,0,15,1
"6344",18,0,16,0
"6345",18,0,18,1
"6346",8,0,8,1
"6347",3,0,3,1
"6348",13,0,13,1
"6349",13,0,13,1
"6350",13,0,13,1
"6351",16,0,16,1
"6352",18,0,18,1
"6353",12,0,12,1
"6354",19,0,19,1
"6355",13,0,13,1
"6356",12,0,12,1
"6357",6,0,6,1
"6358",13,0,13,1
"6359",2,0,2,1
"6360",15,0,15,1
"6361",19,0,19,1
"6362",14,0,14,1
"6363",16,0,16,1
"6364",13,0,13,1
"6365",14,0,14,1
"6366",19,0,19,1
"6367",13,0,19,0
"6368",17,0,17,1
"6369",19,0,19,1
"6370",19,0,13,0
"6371",12,0,12,1
"6372",19,0,19,1
"6373",17,0,17,1
"6374",12,0,12,1
"6375",19,0,19,1
"6376",13,0,13,1
"6377",18,0,18,1
"6378",6,0,6,1
"6379",18,0,18,1
"6380",14,0,14,1
"6381",17,0,17,1
"6382",13,0,13,1
"6383",3,0,3,1
"6384",7,0,7,1
"6385",14,0,14,1
"6386",17,0,17,1
"6387",7,0,7,1
"6388",12,0,13,0
"6389",3,0,3,1
"6390",3,0,3,1
"6391",13,0,13,1
"6392",3,0,3,1
"6393",15,0,15,1
"6394",12,0,12,1
"6395",16,0,16,1
"6396",17,0,17,1
"6397",19,0,19,1
"6398",2,0,2,1
"6399",13,0,13,1
"6400",14,0,13,0
"6401",11,0,11,1
"6402",15,0,15,1
"6403",14,0,14,1
"6404",4,0,4,1
"6405",14,0,14,1
"6406",10,0,10,1
"6407",14,0,14,1
"6408",4,0,4,1
"6409",19,0,19,1
"6410",19,0,19,1
"6411",4,0,4,1
"6412",14,0,14,1
"6413",4,0,4,1
"6414",14,0,14,1
"6415",19,0,19,1
"6416",8,0,8,1
"6417",19,0,19,1
"6418",14,0,14,1
"6419",16,0,16,1
"6420",19,0,19,1
"6421",14,0,14,1
"6422",2,0,2,1
"6423",19,0,19,1
"6424",8,0,14,0
"6425",4,0,4,1
"6426",14,0,14,1
"6427",14,0,14,1
"6428",14,0,14,1
"6429",4,0,4,1
"6430",14,0,14,1
"6431",2,0,2,1
"6432",19,0,19,1
"6433",17,0,16,0
"6434",10,0,10,1
"6435",19,0,19,1
"6436",16,0,16,1
"6437",16,0,16,1
"6438",14,0,14,1
"6439",14,0,14,1
"6440",4,0,4,1
"6441",14,0,14,1
"6442",19,0,19,1
"6443",8,0,8,1
"6444",14,0,14,1
"6445",19,0,19,1
"6446",14,0,14,1
"6447",19,0,14,0
"6448",14,0,14,1
"6449",14,0,14,1
"6450",19,0,19,1
"6451",14,0,14,1
"6452",14,0,14,1
"6453",5,0,5,1
"6454",11,0,11,1
"6455",14,0,14,1
"6456",4,0,4,1
"6457",19,0,19,1
"6458",14,0,14,1
"6459",14,0,14,1
"6460",11,0,11,1
"6461",16,0,16,1
"6462",2,0,14,0
"6463",11,0,11,1
"6464",2,0,2,1
"6465",8,0,8,1
"6466",19,0,19,1
"6467",4,0,4,1
"6468",4,0,4,1
"6469",7,0,7,1
"6470",14,0,14,1
"6471",11,0,11,1
"6472",16,0,16,1
"6473",4,0,4,1
"6474",16,0,16,1
"6475",14,0,14,1
"6476",2,0,2,1
"6477",14,0,14,1
"6478",19,0,19,1
"6479",2,0,2,1
"6480",14,0,14,1
"6481",4,0,4,1
"6482",19,0,19,1
"6483",14,0,14,1
"6484",19,0,19,1
"6485",18,0,18,1
"6486",2,0,2,1
"6487",15,0,15,1
"6488",2,0,2,1
"6489",18,0,18,1
"6490",7,0,7,1
"6491",4,0,4,1
"6492",15,0,15,1
"6493",7,0,7,1
"6494",4,0,4,1
"6495",7,0,7,1
"6496",6,0,6,1
"6497",6,0,6,1
"6498",14,0,7,0
"6499",15,0,15,1
"6500",7,0,4,0
"6501",7,0,7,1
"6502",4,0,4,1
"6503",11,0,11,1
"6504",16,0,16,1
"6505",18,0,18,1
"6506",6,0,6,1
"6507",3,0,3,1
"6508",7,0,7,1
"6509",15,0,15,1
"6510",4,0,4,1
"6511",4,0,4,1
"6512",5,0,5,1
"6513",6,0,6,1
"6514",7,0,4,0
"6515",15,0,15,1
"6516",7,0,7,1
"6517",9,0,9,1
"6518",4,0,4,1
"6519",6,0,6,1
"6520",5,0,5,1
"6521",5,0,5,1
"6522",7,0,7,1
"6523",7,0,7,1
"6524",11,0,11,1
"6525",7,0,7,1
"6526",9,0,9,1
"6527",7,0,7,1
"6528",11,0,11,1
"6529",3,0,3,1
"6530",18,0,18,1
"6531",17,0,17,1
"6532",15,0,15,1
"6533",14,0,14,1
"6534",2,0,2,1
"6535",4,0,4,1
"6536",7,0,7,1
"6537",19,0,19,1
"6538",6,0,6,1
"6539",16,0,17,0
"6540",6,0,6,1
"6541",6,0,6,1
"6542",7,0,7,1
"6543",5,0,5,1
"6544",9,0,9,1
"6545",5,0,7,0
"6546",7,0,7,1
"6547",4,0,4,1
"6548",4,0,7,0
"6549",2,0,2,1
"6550",6,0,6,1
"6551",19,0,19,1
"6552",17,0,7,0
"6553",2,0,2,1
"6554",14,0,7,0
"6555",6,0,6,1
"6556",15,0,15,1
"6557",6,0,6,1
"6558",4,0,4,1
"6559",16,0,15,0
"6560",7,0,7,1
"6561",11,0,11,1
"6562",6,0,6,1
"6563",16,0,16,1
"6564",5,0,5,1
"6565",10,0,10,1
"6566",15,0,15,1
"6567",7,0,7,1
"6568",5,0,5,1
"6569",17,0,17,1
"6570",5,0,5,1
"6571",4,0,4,1
"6572",15,0,15,1
"6573",17,0,17,1
"6574",9,0,9,1
"6575",9,0,9,1
"6576",16,0,16,1
"6577",7,0,7,1
"6578",5,0,5,1
"6579",7,0,7,1
"6580",9,0,9,1
"6581",11,0,11,1
"6582",6,0,6,1
"6583",11,0,11,1
"6584",16,0,16,1
"6585",16,0,16,1
"6586",16,0,16,1
"6587",16,0,16,1
"6588",5,0,5,1
"6589",16,0,16,1
"6590",4,0,4,1
"6591",7,0,7,1
"6592",5,0,5,1
"6593",9,0,9,1
"6594",4,0,4,1
"6595",2,0,2,1
"6596",10,0,10,1
"6597",17,0,17,1
"6598",11,0,11,1
"6599",4,0,4,1
"6600",5,0,5,1
"6601",10,0,10,1
"6602",4,0,4,1
"6603",5,0,16,0
"6604",4,0,4,1
"6605",17,0,17,1
"6606",16,0,16,1
"6607",7,0,7,1
"6608",10,0,10,1
"6609",16,0,16,1
"6610",5,0,5,1
"6611",5,0,5,1
"6612",5,0,5,1
"6613",4,0,4,1
"6614",10,0,10,1
"6615",4,0,4,1
"6616",5,0,5,1
"6617",4,0,4,1
"6618",4,0,4,1
"6619",11,0,11,1
"6620",6,0,6,1
"6621",10,0,10,1
"6622",5,0,5,1
"6623",16,0,5,0
"6624",5,0,5,1
"6625",6,0,6,1
"6626",19,0,19,1
"6627",16,0,16,1
"6628",4,0,5,0
"6629",15,0,15,1
"6630",10,0,10,1
"6631",11,0,11,1
"6632",5,0,5,1
"6633",16,0,16,1
"6634",10,0,10,1
"6635",10,0,10,1
"6636",9,0,9,1
"6637",5,0,5,1
"6638",16,0,16,1
"6639",6,0,6,1
"6640",9,0,5,0
"6641",15,0,15,1
"6642",2,0,2,1
"6643",2,0,2,1
"6644",14,0,14,1
"6645",6,0,6,1
"6646",17,0,17,1
"6647",6,0,6,1
"6648",14,0,14,1
"6649",6,0,6,1
"6650",16,0,16,1
"6651",6,0,6,1
"6652",2,0,2,1
"6653",6,0,6,1
"6654",10,0,10,1
"6655",16,0,16,1
"6656",16,0,16,1
"6657",6,0,6,1
"6658",17,0,17,1
"6659",6,0,6,1
"6660",6,0,6,1
"6661",17,0,17,1
"6662",2,0,2,1
"6663",16,0,16,1
"6664",6,0,6,1
"6665",13,0,13,1
"6666",14,0,14,1
"6667",14,0,14,1
"6668",6,0,6,1
"6669",17,0,17,1
"6670",6,0,6,1
"6671",18,0,17,0
"6672",2,0,2,1
"6673",2,0,2,1
"6674",17,0,17,1
"6675",17,0,17,1
"6676",2,0,2,1
"6677",6,0,6,1
"6678",17,0,17,1
"6679",14,0,14,1
"6680",17,0,17,1
"6681",15,0,15,1
"6682",14,0,14,1
"6683",2,0,2,1
"6684",2,0,2,1
"6685",13,0,13,1
"6686",13,0,13,1
"6687",17,0,17,1
"6688",4,0,2,0
"6689",3,0,2,0
"6690",15,0,16,0
"6691",13,0,13,1
"6692",16,0,16,1
"6693",2,0,2,1
"6694",2,0,2,1
"6695",17,0,17,1
"6696",2,0,2,1
"6697",2,0,2,1
"6698",2,0,2,1
"6699",16,0,16,1
"6700",13,0,13,1
"6701",6,0,6,1
"6702",2,0,2,1
"6703",2,0,2,1
"6704",2,0,2,1
"6705",16,0,16,1
"6706",5,0,5,1
"6707",13,0,13,1
"6708",10,0,10,1
"6709",16,0,14,0
"6710",6,0,6,1
"6711",6,0,6,1
"6712",2,0,2,1
"6713",2,0,2,1
"6714",17,0,17,1
"6715",10,0,10,1
"6716",2,0,2,1
"6717",2,0,2,1
"6718",2,0,2,1
"6719",15,0,15,1
"6720",15,0,15,1
"6721",17,0,17,1
"6722",13,0,13,1
"6723",8,0,7,0
"6724",7,0,7,1
"6725",9,0,9,1
"6726",16,0,16,1
"6727",8,0,8,1
"6728",8,0,8,1
"6729",3,0,3,1
"6730",8,0,8,1
"6731",9,0,9,1
"6732",12,0,12,1
"6733",8,0,8,1
"6734",8,0,8,1
"6735",2,0,2,1
"6736",3,0,3,1
"6737",18,0,18,1
"6738",19,0,19,1
"6739",8,0,8,1
"6740",8,0,8,1
"6741",8,0,8,1
"6742",7,0,7,1
"6743",3,0,3,1
"6744",8,0,8,1
"6745",8,0,8,1
"6746",8,0,8,1
"6747",8,0,8,1
"6748",3,0,3,1
"6749",8,0,8,1
"6750",8,0,8,1
"6751",9,0,9,1
"6752",8,0,8,1
"6753",3,0,3,1
"6754",8,0,8,1
"6755",12,0,12,1
"6756",8,0,8,1
"6757",9,0,9,1
"6758",13,0,12,0
"6759",2,0,2,1
"6760",8,0,7,0
"6761",9,0,9,1
"6762",16,0,16,1
"6763",8,0,8,1
"6764",8,0,8,1
"6765",14,0,14,1
"6766",16,0,16,1
"6767",7,0,7,1
"6768",8,0,8,1
"6769",2,0,3,0
"6770",8,0,8,1
"6771",2,0,2,1
"6772",13,0,13,1
"6773",18,0,18,1
"6774",16,0,16,1
"6775",18,0,18,1
"6776",8,0,8,1
"6777",8,0,7,0
"6778",9,0,9,1
"6779",2,0,2,1
"6780",3,0,3,1
"6781",18,0,18,1
"6782",8,0,8,1
"6783",8,0,8,1
"6784",8,0,8,1
"6785",3,0,3,1
"6786",8,0,8,1
"6787",8,0,8,1
"6788",8,0,8,1
"6789",2,0,2,1
"6790",8,0,8,1
"6791",16,0,8,0
"6792",13,0,8,0
"6793",7,0,7,1
"6794",6,0,6,1
"6795",8,0,8,1
"6796",2,0,2,1
"6797",10,0,12,0
"6798",12,0,12,1
"6799",16,0,16,1
"6800",16,0,16,1
"6801",8,0,8,1
"6802",11,0,14,0
"6803",8,0,8,1
"6804",16,0,16,1
"6805",11,0,11,1
"6806",14,0,14,1
"6807",11,0,11,1
"6808",14,0,14,1
"6809",5,0,5,1
"6810",11,0,11,1
"6811",7,0,7,1
"6812",11,0,11,1
"6813",11,0,11,1
"6814",11,0,11,1
"6815",14,0,14,1
"6816",11,0,11,1
"6817",6,0,6,1
"6818",5,0,5,1
"6819",8,0,8,1
"6820",14,0,14,1
"6821",17,0,17,1
"6822",14,0,14,1
"6823",11,0,14,0
"6824",3,0,3,1
"6825",19,0,19,1
"6826",14,0,14,1
"6827",11,0,11,1
"6828",11,0,11,1
"6829",3,0,3,1
"6830",14,0,14,1
"6831",11,0,11,1
"6832",14,0,14,1
"6833",14,0,14,1
"6834",15,0,15,1
"6835",16,0,16,1
"6836",3,0,3,1
"6837",14,0,14,1
"6838",5,0,5,1
"6839",14,0,11,0
"6840",17,0,17,1
"6841",16,0,16,1
"6842",6,0,6,1
"6843",3,0,3,1
"6844",11,0,11,1
"6845",11,0,14,0
"6846",11,0,11,1
"6847",14,0,14,1
"6848",14,0,14,1
"6849",8,0,8,1
"6850",3,0,3,1
"6851",14,0,14,1
"6852",11,0,11,1
"6853",14,0,14,1
"6854",3,0,3,1
"6855",14,0,14,1
"6856",8,0,8,1
"6857",14,0,14,1
"6858",10,0,11,0
"6859",14,0,14,1
"6860",16,0,11,0
"6861",14,0,11,0
"6862",14,0,14,1
"6863",8,0,8,1
"6864",6,0,6,1
"6865",11,0,11,1
"6866",14,0,14,1
"6867",17,0,17,1
"6868",11,0,11,1
"6869",3,0,3,1
"6870",8,0,8,1
"6871",14,0,14,1
"6872",14,0,14,1
"6873",3,0,3,1
"6874",14,0,14,1
"6875",3,0,3,1
"6876",3,0,3,1
"6877",8,0,8,1
"6878",14,0,14,1
"6879",8,0,8,1
"6880",14,0,14,1
"6881",8,0,8,1
"6882",6,0,12,0
"6883",7,0,7,1
"6884",3,0,3,1
"6885",3,0,3,1
"6886",6,0,6,1
"6887",12,0,12,1
"6888",12,0,12,1
"6889",2,0,2,1
"6890",13,0,13,1
"6891",12,0,12,1
"6892",10,0,10,1
"6893",5,0,5,1
"6894",13,0,13,1
"6895",5,0,5,1
"6896",6,0,6,1
"6897",13,0,13,1
"6898",7,0,7,1
"6899",2,0,2,1
"6900",5,0,5,1
"6901",8,0,8,1
"6902",7,0,7,1
"6903",13,0,13,1
"6904",10,0,10,1
"6905",6,0,6,1
"6906",2,0,2,1
"6907",9,0,9,1
"6908",5,0,6,0
"6909",13,0,13,1
"6910",16,0,16,1
"6911",18,0,18,1
"6912",3,0,3,1
"6913",3,0,3,1
"6914",5,0,6,0
"6915",6,0,6,1
"6916",5,0,5,1
"6917",13,0,13,1
"6918",3,0,3,1
"6919",11,0,10,0
"6920",10,0,10,1
"6921",7,0,7,1
"6922",6,0,6,1
"6923",6,0,6,1
"6924",7,0,7,1
"6925",10,0,10,1
"6926",12,0,12,1
"6927",5,0,5,1
"6928",3,0,3,1
"6929",10,0,10,1
"6930",10,0,10,1
"6931",10,0,10,1
"6932",3,0,3,1
"6933",13,0,13,1
"6934",18,0,18,1
"6935",10,0,10,1
"6936",3,0,3,1
"6937",6,0,12,0
"6938",6,0,6,1
"6939",6,0,6,1
"6940",3,0,3,1
"6941",3,0,3,1
"6942",7,0,7,1
"6943",6,0,6,1
"6944",6,0,6,1
"6945",12,0,12,1
"6946",9,0,9,1
"6947",10,0,10,1
"6948",13,0,13,1
"6949",3,0,3,1
"6950",19,0,19,1
"6951",10,0,10,1
"6952",13,0,13,1
"6953",11,0,11,1
"6954",11,0,11,1
"6955",6,0,6,1
"6956",13,0,13,1
"6957",6,0,6,1
"6958",18,0,6,0
"6959",10,0,10,1
"6960",13,0,13,1
"6961",3,0,3,1
"6962",13,0,13,1
"6963",11,0,11,1
"6964",13,0,13,1
"6965",14,0,14,1
"6966",13,0,13,1
"6967",7,0,7,1
"6968",13,0,13,1
"6969",9,0,9,1
"6970",13,0,13,1
"6971",13,0,13,1
"6972",6,0,6,1
"6973",11,0,11,1
"6974",18,0,18,1
"6975",7,0,7,1
"6976",14,0,14,1
"6977",13,0,13,1
"6978",13,0,13,1
"6979",11,0,11,1
"6980",7,0,7,1
"6981",11,0,11,1
"6982",6,0,6,1
"6983",7,0,7,1
"6984",11,0,11,1
"6985",14,0,14,1
"6986",13,0,13,1
"6987",9,0,7,0
"6988",17,0,11,0
"6989",13,0,13,1
"6990",13,0,13,1
"6991",11,0,11,1
"6992",13,0,13,1
"6993",15,0,15,1
"6994",7,0,7,1
"6995",13,0,13,1
"6996",7,0,7,1
"6997",9,0,9,1
"6998",13,0,13,1
"6999",7,0,7,1
"7000",13,0,13,1
"7001",13,0,13,1
"7002",8,0,8,1
"7003",13,0,13,1
"7004",11,0,6,0
"7005",7,0,7,1
"7006",14,0,14,1
"7007",11,0,11,1
"7008",17,0,17,1
"7009",6,0,6,1
"7010",11,0,11,1
"7011",12,0,12,1
"7012",6,0,6,1
"7013",7,0,7,1
"7014",13,0,13,1
"7015",19,0,19,1
"7016",6,0,6,1
"7017",7,0,7,1
"7018",11,0,11,1
"7019",12,0,12,1
"7020",13,0,13,1
"7021",7,0,7,1
"7022",14,0,14,1
"7023",14,0,14,1
"7024",4,0,4,1
"7025",17,0,17,1
"7026",15,0,15,1
"7027",13,0,13,1
"7028",6,0,6,1
"7029",11,0,11,1
"7030",15,0,15,1
"7031",6,0,6,1
"7032",7,0,7,1
"7033",7,0,7,1
"7034",11,0,11,1
"7035",6,0,6,1
"7036",8,0,7,0
"7037",11,0,11,1
"7038",8,0,8,1
"7039",13,0,13,1
"7040",13,0,13,1
"7041",6,0,6,1
"7042",12,0,12,1
"7043",14,0,14,1
"7044",12,0,12,1
"7045",6,0,6,1
"7046",11,0,11,1
"7047",15,0,15,1
"7048",6,0,6,1
"7049",7,0,7,1
"7050",16,0,16,1
"7051",12,0,12,1
"7052",12,0,12,1
"7053",14,0,14,1
"7054",14,0,14,1
"7055",12,0,12,1
"7056",12,0,12,1
"7057",12,0,12,1
"7058",14,0,12,0
"7059",8,0,12,0
"7060",13,0,13,1
"7061",12,0,12,1
"7062",12,0,12,1
"7063",15,0,15,1
"7064",12,0,12,1
"7065",12,0,12,1
"7066",11,0,11,1
"7067",10,0,10,1
"7068",3,0,3,1
"7069",12,0,12,1
"7070",12,0,10,0
"7071",12,0,12,1
"7072",11,0,11,1
"7073",6,0,6,1
"7074",12,0,12,1
"7075",12,0,12,1
"7076",12,0,12,1
"7077",12,0,12,1
"7078",12,0,12,1
"7079",10,0,10,1
"7080",12,0,12,1
"7081",12,0,12,1
"7082",15,0,15,1
"7083",9,0,12,0
"7084",6,0,6,1
"7085",5,0,5,1
"7086",9,0,9,1
"7087",12,0,12,1
"7088",17,0,17,1
"7089",12,0,12,1
"7090",12,0,12,1
"7091",16,0,16,1
"7092",15,0,15,1
"7093",12,0,12,1
"7094",8,0,8,1
"7095",9,0,12,0
"7096",12,0,12,1
"7097",12,0,12,1
"7098",14,0,14,1
"7099",10,0,10,1
"7100",10,0,12,0
"7101",12,0,12,1
"7102",12,0,12,1
"7103",16,0,16,1
"7104",12,0,12,1
"7105",15,0,15,1
"7106",11,0,11,1
"7107",12,0,12,1
"7108",12,0,12,1
"7109",12,0,12,1
"7110",14,0,14,1
"7111",14,0,14,1
"7112",12,0,12,1
"7113",15,0,15,1
"7114",12,0,12,1
"7115",15,0,15,1
"7116",10,0,12,0
"7117",15,0,15,1
"7118",7,0,7,1
"7119",9,0,9,1
"7120",9,0,9,1
"7121",12,0,12,1
"7122",4,0,4,1
"7123",19,0,19,1
"7124",4,0,4,1
"7125",19,0,19,1
"7126",4,0,4,1
"7127",10,0,8,0
"7128",15,0,15,1
"7129",4,0,4,1
"7130",2,0,2,1
"7131",19,0,19,1
"7132",19,0,19,1
"7133",19,0,19,1
"7134",4,0,4,1
"7135",4,0,4,1
"7136",18,0,18,1
"7137",19,0,19,1
"7138",19,0,19,1
"7139",5,0,5,1
"7140",4,0,4,1
"7141",9,0,9,1
"7142",15,0,15,1
"7143",19,0,19,1
"7144",19,0,19,1
"7145",4,0,19,0
"7146",4,0,4,1
"7147",19,0,19,1
"7148",4,0,4,1
"7149",19,0,19,1
"7150",18,0,18,1
"7151",14,0,14,1
"7152",16,0,16,1
"7153",13,0,4,0
"7154",19,0,19,1
"7155",8,0,8,1
"7156",19,0,19,1
"7157",16,0,16,1
"7158",19,0,19,1
"7159",4,0,4,1
"7160",19,0,19,1
"7161",19,0,19,1
"7162",4,0,4,1
"7163",9,0,4,0
"7164",4,0,4,1
"7165",19,0,19,1
"7166",7,0,7,1
"7167",9,0,9,1
"7168",19,0,19,1
"7169",4,0,4,1
"7170",4,0,4,1
"7171",8,0,8,1
"7172",19,0,19,1
"7173",5,0,5,1
"7174",9,0,9,1
"7175",9,0,9,1
"7176",19,0,19,1
"7177",4,0,4,1
"7178",9,0,9,1
"7179",4,0,4,1
"7180",19,0,19,1
"7181",2,0,2,1
"7182",5,0,5,1
"7183",9,0,4,0
"7184",19,0,19,1
"7185",12,0,12,1
"7186",4,0,4,1
"7187",5,0,5,1
"7188",4,0,4,1
"7189",18,0,18,1
"7190",16,0,16,1
"7191",5,0,5,1
"7192",4,0,4,1
"7193",4,0,4,1
"7194",15,0,15,1
"7195",19,0,19,1
"7196",6,0,6,1
"7197",15,0,15,1
"7198",4,0,4,1
"7199",4,0,4,1
"7200",18,0,18,1
"7201",15,0,15,1
"7202",19,0,19,1
"7203",4,0,4,1
"7204",19,0,4,0
"7205",4,0,3,0
"7206",2,0,2,1
"7207",4,0,4,1
"7208",2,0,2,1
"7209",19,0,19,1
"7210",4,0,4,1
"7211",3,0,4,0
"7212",2,0,2,1
"7213",4,0,4,1
"7214",3,0,4,0
"7215",7,0,7,1
"7216",3,0,3,1
"7217",9,0,4,0
"7218",18,0,18,1
"7219",4,0,4,1
"7220",4,0,3,0
"7221",5,0,5,1
"7222",3,0,3,1
"7223",4,0,3,0
"7224",14,0,14,1
"7225",7,0,7,1
"7226",3,0,4,0
"7227",4,0,4,1
"7228",3,0,3,1
"7229",18,0,18,1
"7230",4,0,4,1
"7231",5,0,5,1
"7232",3,0,3,1
"7233",3,0,3,1
"7234",4,0,4,1
"7235",4,0,4,1
"7236",19,0,4,0
"7237",19,0,19,1
"7238",4,0,4,1
"7239",3,0,3,1
"7240",18,0,18,1
"7241",3,0,3,1
"7242",3,0,3,1
"7243",5,0,5,1
"7244",3,0,3,1
"7245",3,0,3,1
"7246",19,0,19,1
"7247",5,0,5,1
"7248",3,0,3,1
"7249",4,0,4,1
"7250",19,0,19,1
"7251",18,0,4,0
"7252",4,0,4,1
"7253",4,0,4,1
"7254",2,0,2,1
"7255",19,0,19,1
"7256",17,0,4,0
"7257",2,0,2,1
"7258",4,0,3,0
"7259",4,0,4,1
"7260",4,0,4,1
"7261",2,0,4,0
"7262",4,0,4,1
"7263",19,0,19,1
"7264",3,0,3,1
"7265",18,0,18,1
"7266",4,0,4,1
"7267",3,0,3,1
"7268",4,0,4,1
"7269",3,0,3,1
"7270",3,0,3,1
"7271",4,0,4,1
"7272",18,0,18,1
"7273",4,0,4,1
"7274",3,0,3,1
"7275",19,0,19,1
"7276",2,0,2,1
"7277",4,0,4,1
"7278",11,0,11,1
"7279",4,0,4,1
"7280",13,0,13,1
"7281",4,0,4,1
"7282",3,0,3,1
"7283",6,0,6,1
"7284",8,0,8,1
"7285",3,0,3,1
"7286",3,0,3,1
"7287",17,0,17,1
"7288",11,0,11,1
"7289",3,0,3,1
"7290",19,0,19,1
"7291",12,0,12,1
"7292",8,0,8,1
"7293",6,0,6,1
"7294",19,0,6,0
"7295",7,0,7,1
"7296",3,0,3,1
"7297",3,0,3,1
"7298",16,0,16,1
"7299",10,0,10,1
"7300",2,0,2,1
"7301",15,0,15,1
"7302",11,0,11,1
"7303",13,0,13,1
"7304",6,0,6,1
"7305",6,0,19,0
"7306",8,0,8,1
"7307",18,0,18,1
"7308",11,0,11,1
"7309",3,0,3,1
"7310",6,0,6,1
"7311",3,0,3,1
"7312",12,0,12,1
"7313",15,0,15,1
"7314",8,0,8,1
"7315",6,0,6,1
"7316",15,0,15,1
"7317",6,0,6,1
"7318",6,0,19,0
"7319",3,0,3,1
"7320",19,0,19,1
"7321",12,0,12,1
"7322",19,0,19,1
"7323",3,0,3,1
"7324",2,0,2,1
"7325",13,0,15,0
"7326",19,0,19,1
"7327",16,0,16,1
"7328",17,0,16,0
"7329",7,0,7,1
"7330",6,0,6,1
"7331",3,0,3,1
"7332",6,0,6,1
"7333",3,0,3,1
"7334",3,0,3,1
"7335",3,0,3,1
"7336",3,0,3,1
"7337",10,0,10,1
"7338",2,0,2,1
"7339",15,0,15,1
"7340",3,0,3,1
"7341",6,0,6,1
"7342",3,0,3,1
"7343",4,0,3,0
"7344",5,0,5,1
"7345",5,0,5,1
"7346",2,0,2,1
"7347",5,0,5,1
"7348",2,0,2,1
"7349",2,0,2,1
"7350",3,0,3,1
"7351",7,0,7,1
"7352",3,0,3,1
"7353",19,0,19,1
"7354",3,0,3,1
"7355",6,0,6,1
"7356",15,0,15,1
"7357",6,0,6,1
"7358",11,0,11,1
"7359",6,0,6,1
"7360",8,0,8,1
"7361",12,0,12,1
"7362",6,0,6,1
"7363",5,0,5,1
"7364",11,0,6,0
"7365",7,0,7,1
"7366",16,0,6,0
"7367",18,0,18,1
"7368",6,0,6,1
"7369",5,0,5,1
"7370",2,0,2,1
"7371",15,0,17,0
"7372",5,0,5,1
"7373",16,0,16,1
"7374",16,0,16,1
"7375",17,0,17,1
"7376",2,0,2,1
"7377",11,0,11,1
"7378",5,0,5,1
"7379",6,0,6,1
"7380",16,0,16,1
"7381",6,0,6,1
"7382",5,0,5,1
"7383",5,0,5,1
"7384",17,0,17,1
"7385",2,0,2,1
"7386",4,0,4,1
"7387",16,0,16,1
"7388",16,0,16,1
"7389",2,0,2,1
"7390",2,0,2,1
"7391",2,0,2,1
"7392",16,0,16,1
"7393",6,0,6,1
"7394",16,0,6,0
"7395",2,0,2,1
"7396",15,0,15,1
"7397",16,0,16,1
"7398",13,0,13,1
"7399",15,0,15,1
"7400",6,0,6,1
"7401",16,0,16,1
"7402",6,0,6,1
"7403",16,0,16,1
"7404",19,0,19,1
"7405",5,0,5,1
"7406",5,0,5,1
"7407",16,0,16,1
"7408",17,0,17,1
"7409",6,0,6,1
"7410",5,0,5,1
"7411",6,0,6,1
"7412",6,0,6,1
"7413",6,0,6,1
"7414",6,0,6,1
"7415",17,0,17,1
"7416",16,0,16,1
"7417",16,0,6,0
"7418",2,0,2,1
"7419",6,0,6,1
"7420",17,0,17,1
"7421",6,0,6,1
"7422",6,0,6,1
"7423",6,0,6,1
"7424",16,0,16,1
"7425",17,0,17,1
"7426",16,0,16,1
"7427",7,0,7,1
"7428",6,0,6,1
"7429",17,0,17,1
"7430",2,0,2,1
"7431",7,0,7,1
"7432",2,0,2,1
"7433",19,0,19,1
"7434",6,0,6,1
"7435",6,0,6,1
"7436",16,0,16,1
"7437",6,0,6,1
"7438",2,0,2,1
"7439",6,0,6,1
"7440",6,0,6,1
"7441",16,0,6,0
"7442",12,0,12,1
"7443",19,0,19,1
"7444",18,0,18,1
"7445",19,0,18,0
"7446",19,0,19,1
"7447",8,0,8,1
"7448",12,0,12,1
"7449",2,0,2,1
"7450",16,0,16,1
"7451",8,0,8,1
"7452",19,0,19,1
"7453",2,0,2,1
"7454",2,0,2,1
"7455",12,0,12,1
"7456",19,0,19,1
"7457",19,0,19,1
"7458",16,0,18,0
"7459",12,0,12,1
"7460",2,0,2,1
"7461",7,0,7,1
"7462",19,0,19,1
"7463",2,0,2,1
"7464",2,0,2,1
"7465",18,0,18,1
"7466",2,0,2,1
"7467",2,0,2,1
"7468",19,0,18,0
"7469",2,0,2,1
"7470",2,0,2,1
"7471",2,0,2,1
"7472",2,0,2,1
"7473",2,0,2,1
"7474",18,0,18,1
"7475",4,0,4,1
"7476",8,0,8,1
"7477",2,0,2,1
"7478",14,0,14,1
"7479",2,0,2,1
"7480",19,0,19,1
"7481",18,0,18,1
"7482",19,0,19,1
"7483",2,0,2,1
"7484",2,0,2,1
"7485",8,0,8,1
"7486",7,0,7,1
"7487",2,0,2,1
"7488",2,0,2,1
"7489",19,0,19,1
"7490",2,0,2,1
"7491",15,0,15,1
"7492",2,0,2,1
"7493",2,0,2,1
"7494",16,0,16,1
"7495",2,0,2,1
"7496",12,0,12,1
"7497",19,0,19,1
"7498",12,0,12,1
"7499",18,0,18,1
"7500",16,0,16,1
"7501",2,0,2,1
"7502",18,0,18,1
"7503",19,0,19,1
"7504",19,0,19,1
"7505",2,0,2,1
"7506",12,0,12,1
"7507",15,0,18,0
"7508",2,0,2,1
"7509",16,0,16,1
"7510",2,0,2,1
"7511",16,0,16,1
"7512",2,0,2,1
"7513",17,0,18,0
"7514",8,0,8,1
"7515",2,0,2,1
"7516",18,0,18,1
"7517",8,0,8,1
"7518",4,0,4,1
"7519",19,0,19,1
"7520",7,0,7,1
"7521",2,0,2,1
"7522",15,0,15,1
"7523",13,0,13,1
"7524",18,0,18,1
"7525",17,0,17,1
"7526",11,0,11,1
"7527",10,0,10,1
"7528",13,0,13,1
"7529",16,0,16,1
"7530",10,0,10,1
"7531",10,0,10,1
"7532",19,0,17,0
"7533",18,0,18,1
"7534",8,0,8,1
"7535",17,0,17,1
"7536",13,0,13,1
"7537",13,0,13,1
"7538",13,0,13,1
"7539",2,0,2,1
"7540",8,0,8,1
"7541",11,0,10,0
"7542",12,0,12,1
"7543",17,0,17,1
"7544",4,0,4,1
"7545",10,0,10,1
"7546",8,0,8,1
"7547",13,0,13,1
"7548",12,0,12,1
"7549",11,0,11,1
"7550",10,0,13,0
"7551",17,0,17,1
"7552",18,0,18,1
"7553",13,0,13,1
"7554",8,0,8,1
"7555",17,0,17,1
"7556",17,0,17,1
"7557",5,0,5,1
"7558",18,0,18,1
"7559",19,0,17,0
"7560",8,0,8,1
"7561",19,0,19,1
"7562",17,0,17,1
"7563",19,0,19,1
"7564",15,0,15,1
"7565",10,0,10,1
"7566",17,0,17,1
"7567",10,0,10,1
"7568",13,0,13,1
"7569",8,0,8,1
"7570",19,0,19,1
"7571",17,0,17,1
"7572",17,0,17,1
"7573",17,0,17,1
"7574",18,0,18,1
"7575",3,0,3,1
"7576",12,0,12,1
"7577",13,0,10,0
"7578",10,0,10,1
"7579",17,0,17,1
"7580",11,0,11,1
"7581",13,0,13,1
"7582",18,0,18,1
"7583",4,0,5,0
"7584",14,0,14,1
"7585",12,0,12,1
"7586",2,0,2,1
"7587",18,0,18,1
"7588",10,0,10,1
"7589",13,0,13,1
"7590",9,0,10,0
"7591",13,0,13,1
"7592",11,0,11,1
"7593",10,0,10,1
"7594",13,0,13,1
"7595",19,0,17,0
"7596",10,0,10,1
"7597",13,0,13,1
"7598",10,0,10,1
"7599",15,0,15,1
"7600",13,0,13,1
"7601",12,0,12,1
"7602",12,0,12,1
"7603",18,0,18,1
"7604",3,0,3,1
"7605",3,0,3,1
"7606",17,0,17,1
"7607",17,0,17,1
"7608",12,0,12,1
"7609",12,0,12,1
"7610",16,0,16,1
"7611",12,0,3,0
"7612",18,0,17,0
"7613",12,0,12,1
"7614",17,0,17,1
"7615",17,0,17,1
"7616",17,0,17,1
"7617",12,0,12,1
"7618",19,0,19,1
"7619",3,0,3,1
"7620",4,0,4,1
"7621",6,0,12,0
"7622",4,0,4,1
"7623",12,0,12,1
"7624",4,0,4,1
"7625",12,0,12,1
"7626",17,0,17,1
"7627",18,0,18,1
"7628",19,0,17,0
"7629",17,0,17,1
"7630",17,0,17,1
"7631",17,0,17,1
"7632",3,0,3,1
"7633",12,0,12,1
"7634",12,0,12,1
"7635",12,0,12,1
"7636",16,0,16,1
"7637",18,0,18,1
"7638",3,0,3,1
"7639",17,0,17,1
"7640",18,0,18,1
"7641",17,0,17,1
"7642",17,0,17,1
"7643",17,0,17,1
"7644",3,0,3,1
"7645",17,0,17,1
"7646",17,0,17,1
"7647",3,0,3,1
"7648",19,0,19,1
"7649",9,0,9,1
"7650",12,0,12,1
"7651",18,0,17,0
"7652",3,0,3,1
"7653",19,0,19,1
"7654",4,0,4,1
"7655",4,0,4,1
"7656",12,0,3,0
"7657",17,0,17,1
"7658",3,0,3,1
"7659",6,0,6,1
"7660",17,0,17,1
"7661",17,0,17,1
"7662",12,0,12,1
"7663",6,0,6,1
"7664",12,0,12,1
"7665",14,0,14,1
"7666",12,0,12,1
"7667",17,0,17,1
"7668",18,0,17,0
"7669",17,0,17,1
"7670",17,0,17,1
"7671",12,0,12,1
"7672",12,0,12,1
"7673",19,0,19,1
"7674",17,0,17,1
"7675",19,0,19,1
"7676",18,0,18,1
"7677",17,0,17,1
"7678",17,0,17,1
"7679",17,0,17,1
"7680",17,0,17,1
"7681",19,0,19,1
"7682",5,0,6,0
"7683",2,0,2,1
"7684",2,0,2,1
"7685",2,0,2,1
"7686",5,0,5,1
"7687",13,0,13,1
"7688",2,0,2,1
"7689",7,0,7,1
"7690",5,0,5,1
"7691",2,0,2,1
"7692",7,0,7,1
"7693",18,0,18,1
"7694",8,0,8,1
"7695",2,0,2,1
"7696",8,0,8,1
"7697",5,0,5,1
"7698",5,0,5,1
"7699",2,0,2,1
"7700",7,0,7,1
"7701",5,0,6,0
"7702",5,0,5,1
"7703",17,0,17,1
"7704",2,0,2,1
"7705",7,0,7,1
"7706",7,0,7,1
"7707",6,0,6,1
"7708",6,0,6,1
"7709",6,0,6,1
"7710",2,0,2,1
"7711",14,0,14,1
"7712",6,0,6,1
"7713",2,0,2,1
"7714",2,0,2,1
"7715",2,0,2,1
"7716",4,0,5,0
"7717",5,0,5,1
"7718",5,0,6,0
"7719",8,0,8,1
"7720",5,0,5,1
"7721",2,0,2,1
"7722",2,0,2,1
"7723",2,0,2,1
"7724",18,0,18,1
"7725",2,0,2,1
"7726",10,0,10,1
"7727",10,0,10,1
"7728",17,0,17,1
"7729",19,0,19,1
"7730",2,0,2,1
"7731",2,0,2,1
"7732",2,0,2,1
"7733",16,0,16,1
"7734",8,0,8,1
"7735",14,0,14,1
"7736",5,0,5,1
"7737",2,0,2,1
"7738",10,0,10,1
"7739",6,0,6,1
"7740",8,0,8,1
"7741",5,0,5,1
"7742",2,0,2,1
"7743",7,0,7,1
"7744",8,0,8,1
"7745",7,0,7,1
"7746",16,0,5,0
"7747",5,0,5,1
"7748",14,0,14,1
"7749",6,0,6,1
"7750",16,0,5,0
"7751",5,0,5,1
"7752",5,0,5,1
"7753",7,0,7,1
"7754",2,0,2,1
"7755",4,0,4,1
"7756",2,0,2,1
"7757",14,0,14,1
"7758",5,0,5,1
"7759",7,0,7,1
"7760",5,0,5,1
"7761",2,0,2,1
"7762",5,0,5,1
"7763",7,0,7,1
"7764",9,0,9,1
"7765",8,0,8,1
"7766",8,0,8,1
"7767",11,0,11,1
"7768",11,0,11,1
"7769",3,0,3,1
"7770",19,0,19,1
"7771",14,0,14,1
"7772",2,0,2,1
"7773",8,0,8,1
"7774",19,0,19,1
"7775",6,0,6,1
"7776",4,0,4,1
"7777",11,0,11,1
"7778",13,0,13,1
"7779",4,0,4,1
"7780",4,0,4,1
"7781",16,0,16,1
"7782",8,0,8,1
"7783",11,0,11,1
"7784",2,0,2,1
"7785",8,0,8,1
"7786",14,0,14,1
"7787",11,0,11,1
"7788",4,0,4,1
"7789",13,0,13,1
"7790",8,0,8,1
"7791",2,0,2,1
"7792",11,0,11,1
"7793",10,0,10,1
"7794",4,0,4,1
"7795",4,0,4,1
"7796",4,0,4,1
"7797",11,0,11,1
"7798",4,0,4,1
"7799",13,0,13,1
"7800",16,0,16,1
"7801",9,0,9,1
"7802",9,0,9,1
"7803",11,0,11,1
"7804",2,0,2,1
"7805",8,0,8,1
"7806",8,0,8,1
"7807",2,0,2,1
"7808",4,0,4,1
"7809",4,0,4,1
"7810",14,0,14,1
"7811",8,0,8,1
"7812",13,0,13,1
"7813",7,0,7,1
"7814",4,0,4,1
"7815",8,0,8,1
"7816",3,0,3,1
"7817",2,0,2,1
"7818",7,0,7,1
"7819",4,0,4,1
"7820",18,0,18,1
"7821",3,0,3,1
"7822",9,0,9,1
"7823",4,0,4,1
"7824",19,0,19,1
"7825",18,0,18,1
"7826",17,0,19,0
"7827",9,0,4,0
"7828",2,0,2,1
"7829",4,0,11,0
"7830",2,0,2,1
"7831",8,0,8,1
"7832",10,0,10,1
"7833",11,0,11,1
"7834",8,0,8,1
"7835",14,0,4,0
"7836",8,0,8,1
"7837",2,0,2,1
"7838",8,0,8,1
"7839",4,0,4,1
"7840",11,0,11,1
"7841",2,0,2,1
"7842",3,0,3,1
"7843",19,0,19,1
"7844",19,0,19,1
"7845",19,0,19,1
"7846",19,0,19,1
"7847",15,0,15,1
"7848",3,0,3,1
"7849",16,0,19,0
"7850",19,0,19,1
"7851",19,0,16,0
"7852",19,0,19,1
"7853",3,0,3,1
"7854",16,0,16,1
"7855",18,0,18,1
"7856",19,0,19,1
"7857",18,0,18,1
"7858",16,0,16,1
"7859",19,0,19,1
"7860",19,0,19,1
"7861",16,0,16,1
"7862",15,0,15,1
"7863",16,0,16,1
"7864",19,0,19,1
"7865",19,0,19,1
"7866",16,0,16,1
"7867",19,0,19,1
"7868",19,0,19,1
"7869",16,0,16,1
"7870",3,0,3,1
"7871",13,0,12,0
"7872",18,0,18,1
"7873",19,0,16,0
"7874",3,0,3,1
"7875",19,0,19,1
"7876",3,0,3,1
"7877",19,0,19,1
"7878",19,0,19,1
"7879",7,0,7,1
"7880",19,0,19,1
"7881",19,0,19,1
"7882",3,0,3,1
"7883",3,0,3,1
"7884",19,0,19,1
"7885",3,0,3,1
"7886",19,0,19,1
"7887",19,0,19,1
"7888",3,0,3,1
"7889",8,0,8,1
"7890",19,0,19,1
"7891",19,0,19,1
"7892",19,0,19,1
"7893",3,0,3,1
"7894",16,0,16,1
"7895",3,0,3,1
"7896",19,0,19,1
"7897",19,0,19,1
"7898",19,0,19,1
"7899",19,0,19,1
"7900",19,0,19,1
"7901",3,0,3,1
"7902",3,0,3,1
"7903",19,0,19,1
"7904",19,0,19,1
"7905",3,0,3,1
"7906",11,0,11,1
"7907",9,0,9,1
"7908",19,0,19,1
"7909",19,0,19,1
"7910",19,0,19,1
"7911",19,0,19,1
"7912",3,0,3,1
"7913",19,0,19,1
"7914",19,0,19,1
"7915",16,0,16,1
"7916",19,0,19,1
"7917",3,0,3,1
"7918",15,0,15,1
"7919",19,0,19,1
"7920",19,0,19,1
"7921",19,0,19,1
"7922",6,0,6,1
"7923",16,0,16,1
"7924",16,0,16,1
"7925",10,0,19,0
"7926",16,0,16,1
"7927",19,0,19,1
"7928",14,0,14,1
"7929",10,0,10,1
"7930",7,0,7,1
"7931",10,0,10,1
"7932",18,0,18,1
"7933",10,0,10,1
"7934",3,0,3,1
"7935",3,0,3,1
"7936",19,0,19,1
"7937",3,0,3,1
"7938",3,0,3,1
"7939",3,0,3,1
"7940",10,0,10,1
"7941",10,0,10,1
"7942",14,0,10,0
"7943",7,0,7,1
"7944",11,0,11,1
"7945",19,0,19,1
"7946",14,0,14,1
"7947",7,0,7,1
"7948",16,0,16,1
"7949",19,0,10,0
"7950",6,0,6,1
"7951",19,0,19,1
"7952",16,0,16,1
"7953",10,0,10,1
"7954",16,0,16,1
"7955",19,0,19,1
"7956",3,0,3,1
"7957",7,0,7,1
"7958",10,0,10,1
"7959",3,0,3,1
"7960",7,0,7,1
"7961",16,0,16,1
"7962",16,0,16,1
"7963",8,0,8,1
"7964",6,0,6,1
"7965",16,0,16,1
"7966",19,0,19,1
"7967",19,0,19,1
"7968",16,0,16,1
"7969",16,0,16,1
"7970",16,0,16,1
"7971",3,0,3,1
"7972",6,0,6,1
"7973",10,0,10,1
"7974",10,0,10,1
"7975",14,0,14,1
"7976",6,0,6,1
"7977",16,0,16,1
"7978",14,0,14,1
"7979",19,0,19,1
"7980",6,0,6,1
"7981",16,0,16,1
"7982",14,0,14,1
"7983",19,0,19,1
"7984",10,0,10,1
"7985",3,0,3,1
"7986",16,0,16,1
"7987",14,0,14,1
"7988",19,0,19,1
"7989",9,0,7,0
"7990",3,0,3,1
"7991",16,0,16,1
"7992",3,0,3,1
"7993",19,0,19,1
"7994",16,0,16,1
"7995",3,0,3,1
"7996",3,0,3,1
"7997",16,0,16,1
"7998",3,0,3,1
"7999",6,0,6,1
"8000",10,0,10,1
"8001",16,0,16,1
